1810 1014 1819 1001 1793 982 1784 995 horse 0
2019 826 2033 833 2047 804 2033 797 horse 0
2032 904 2043 893 2021 870 2009 882 horse 0
2063 1015 2071 1001 2043 986 2035 1000 horse 0
1842 1029 1848 1014 1818 1002 1812 1017 horse 0
1114 439 1127 429 1107 403 1094 413 horse 0
1160 484 1170 472 1145 452 1135 465 horse 0
1369 424 1377 410 1350 393 1341 407 horse 0
1382 396 1394 385 1373 361 1361 371 horse 0
1386 367 1398 356 1376 333 1364 344 horse 0
1262 254 1271 241 1244 223 1235 237 horse 0
1117 115 1130 106 1110 80 1098 90 horse 0
1144 132 1156 121 1134 97 1122 108 horse 0
1424 396 1426 380 1395 374 1392 390 horse 0
1414 420 1420 405 1390 393 1385 408 horse 0
1439 436 1448 422 1421 405 1412 419 horse 0
1446 458 1455 444 1428 427 1419 440 horse 0
1465 470 1473 455 1445 440 1437 455 horse 0
1495 458 1503 444 1475 428 1467 442 horse 0
1528 465 1533 450 1503 440 1498 455 horse 0
1567 475 1569 459 1538 454 1535 470 horse 0
1587 460 1590 444 1559 438 1555 453 horse 0
1542 125 1553 114 1531 91 1520 102 horse 0
1605 159 1613 145 1585 130 1577 144 horse 0
1135 498 1150 495 1144 464 1128 467 horse 0
1223 557 1236 547 1217 522 1204 531 horse 0
1246 588 1261 583 1252 552 1236 557 horse 0
1389 426 1389 410 1357 409 1357 425 horse 0
1261 609 1277 606 1271 575 1255 578 horse 0
1295 628 1307 617 1285 594 1273 605 horse 0
1368 626 1368 610 1336 610 1336 626 horse 0
1424 609 1420 594 1389 603 1393 618 horse 0
1648 491 1657 478 1631 460 1621 473 horse 0
1692 498 1699 484 1671 470 1664 484 horse 0
1751 500 1758 485 1729 471 1722 486 horse 0
1805 455 1812 441 1783 426 1776 441 horse 0
1796 501 1799 485 1767 480 1765 496 horse 0
1934 491 1943 477 1916 460 1907 473 horse 0
1979 499 1985 484 1955 472 1949 486 horse 0
2001 508 2008 493 1979 480 1972 494 horse 0
1949 523 1947 507 1915 511 1917 527 horse 0
1933 538 1934 522 1902 520 1901 536 horse 0
1903 548 1908 533 1878 523 1873 538 horse 0
2148 498 2152 482 2121 475 2117 491 horse 0
2008 638 2013 623 1983 612 1978 627 horse 0
2082 652 2085 636 2054 630 2051 646 horse 0
2218 664 2225 650 2196 636 2189 650 horse 0
2250 668 2252 683 2284 678 2281 662 horse 0
2031 651 2030 635 1998 637 1999 653 horse 0
2013 661 2010 645 1979 650 1981 666 horse 0
2031 669 2027 654 1996 662 2000 677 horse 0
1980 873 1983 888 2015 882 2012 866 horse 0
2488 817 2486 833 2518 836 2520 820 horse 0
2478 824 2468 836 2493 856 2503 843 horse 0
2489 850 2473 855 2482 885 2497 881 horse 0
2541 1114 2552 1103 2530 1080 2518 1091 horse 0
2570 1180 2580 1192 2606 1173 2596 1160 horse 0
2542 1246 2556 1254 2572 1226 2558 1218 horse 0
2609 1226 2606 1241 2637 1248 2640 1232 horse 0
2670 1148 2664 1133 2634 1146 2640 1160 horse 0
2901 1181 2904 1165 2873 1159 2870 1175 horse 0
2970 1136 2971 1120 2939 1119 2939 1135 horse 0
3022 1194 3015 1180 2986 1193 2992 1207 horse 0
2989 1128 2995 1143 3025 1131 3019 1116 horse 0
3335 1223 3339 1207 3308 1199 3304 1214 horse 0
3374 1242 3376 1226 3345 1222 3342 1238 horse 0
3407 1257 3412 1242 3382 1231 3377 1246 horse 0
3375 1279 3381 1265 3352 1252 3346 1266 horse 0
2101 1041 2108 1027 2080 1012 2072 1026 horse 0
2114 1113 2123 1100 2096 1082 2088 1095 horse 0
2156 1109 2168 1119 2189 1094 2176 1084 horse 0
2100 1147 2112 1136 2090 1113 2078 1124 horse 0
2153 1139 2165 1150 2187 1127 2175 1116 horse 0
2126 1180 2132 1194 2161 1181 2155 1167 horse 0
2166 1026 2177 1014 2152 994 2142 1006 horse 0
2186 1037 2201 1043 2213 1014 2198 1007 horse 0
2263 1068 2273 1055 2248 1035 2238 1048 horse 0
2109 1023 2116 1009 2087 995 2080 1009 horse 0
1853 1008 1850 992 1819 999 1822 1014 horse 0
1865 1043 1873 1029 1844 1014 1837 1028 horse 0
1879 1052 1888 1038 1860 1021 1852 1035 horse 0
1932 1049 1934 1033 1903 1028 1900 1044 horse 0
1338 809 1333 793 1302 803 1307 818 horse 0
1370 802 1368 786 1336 791 1339 807 horse 0
1416 821 1410 806 1380 817 1386 832 horse 0
1434 781 1440 766 1411 753 1404 768 horse 0
1452 734 1461 721 1435 703 1426 716 horse 0
1495 757 1498 741 1467 735 1464 751 horse 0
1484 785 1491 771 1462 756 1455 771 horse 0
1508 805 1516 791 1488 775 1480 789 horse 0
1533 846 1542 833 1516 814 1507 827 horse 0
1583 849 1586 834 1555 827 1552 842 horse 0
1466 734 1475 721 1449 702 1440 715 horse 0
1591 762 1595 746 1563 739 1560 755 horse 0
1722 696 1726 712 1757 703 1753 688 horse 0
1733 742 1737 727 1706 719 1702 734 horse 0
1690 809 1697 795 1667 782 1661 797 horse 0
1713 791 1722 777 1695 760 1686 774 horse 0
1780 740 1782 724 1750 720 1749 736 horse 0
1811 728 1817 713 1788 700 1782 715 horse 0
1816 738 1823 724 1795 710 1788 724 horse 0
1641 862 1654 851 1633 827 1621 837 horse 0
1750 791 1752 775 1721 770 1718 786 horse 0
1795 780 1795 764 1763 763 1763 779 horse 0
2376 1509 2379 1493 2348 1487 2345 1502 horse 0
2466 1511 2470 1496 2438 1489 2435 1504 horse 0
2528 1499 2529 1483 2497 1482 2496 1497 horse 0
2521 1468 2523 1452 2491 1449 2490 1465 horse 0
2554 1483 2557 1467 2526 1461 2523 1477 horse 0
2600 1456 2600 1440 2568 1439 2568 1455 horse 0
1620 761 1621 745 1589 743 1588 759 horse 0
2867 634 2869 619 2837 615 2835 631 horse 0
2916 616 2921 601 2891 591 2886 606 horse 0
2915 1651 2918 1636 2887 1630 2884 1646 horse 0
3000 1659 3000 1643 2968 1642 2968 1658 horse 0
3103 1700 3105 1684 3073 1680 3071 1696 horse 0
3143 1698 3144 1682 3112 1681 3111 1697 horse 0
3092 1642 3096 1626 3065 1618 3061 1634 horse 0
2927 549 2934 534 2905 520 2898 535 horse 0
2973 556 2978 540 2947 531 2942 547 horse 0
3006 545 3008 529 2976 525 2975 541 horse 0
3124 477 3137 467 3118 442 3105 451 horse 0
3167 506 3179 516 3199 490 3186 481 horse 0
3065 533 3050 528 3040 559 3055 563 horse 0
3119 546 3121 530 3089 527 3088 543 horse 0
3153 484 3142 472 3119 494 3130 505 horse 0
3003 420 3008 405 2978 393 2973 408 horse 0
3067 416 3072 401 3042 391 3037 406 horse 0
3096 415 3099 400 3068 393 3064 408 horse 0
2733 437 2735 421 2704 417 2701 433 horse 0
2768 435 2769 419 2738 416 2736 432 horse 0
2788 437 2789 421 2757 420 2756 436 horse 0
2804 428 2803 412 2771 413 2772 429 horse 0
2821 432 2818 416 2787 421 2789 436 horse 0
2855 421 2857 405 2825 401 2823 417 horse 0
2890 416 2890 400 2858 400 2858 416 horse 0
1634 878 1645 867 1623 844 1611 855 horse 0
1601 866 1605 851 1573 844 1570 860 horse 0
1604 874 1607 858 1576 852 1572 868 horse 0
2003 1268 2019 1270 2023 1238 2007 1236 horse 0
2014 1310 2021 1296 1993 1281 1985 1295 horse 0
2074 1323 2080 1308 2050 1297 2044 1312 horse 0
2192 1312 2201 1299 2175 1281 2166 1293 horse 0
2110 1347 2119 1333 2092 1315 2083 1329 horse 0
2197 1359 2204 1345 2176 1331 2168 1345 horse 0
2148 1370 2155 1356 2126 1341 2119 1356 horse 0
2157 1359 2158 1343 2126 1340 2125 1356 horse 0
2421 1734 2417 1719 2386 1726 2390 1741 horse 0
2500 1724 2494 1709 2465 1723 2471 1737 horse 0
2602 1664 2602 1648 2570 1649 2570 1665 horse 0
2638 1650 2633 1635 2603 1644 2608 1660 horse 0
2395 1806 2385 1794 2361 1814 2371 1826 horse 0
2437 1828 2424 1818 2404 1843 2416 1853 horse 0
2443 1881 2433 1868 2408 1889 2418 1901 horse 0
2626 1806 2623 1791 2591 1797 2595 1813 horse 0
2677 1778 2670 1764 2642 1779 2649 1793 horse 0
2683 1792 2699 1792 2698 1760 2682 1760 horse 0
2690 1948 2687 1932 2656 1938 2659 1954 horse 0
2664 1976 2664 1960 2632 1960 2632 1976 horse 0
2711 1987 2699 1976 2678 1999 2689 2010 horse 0
1696 1233 1701 1217 1670 1208 1665 1224 horse 0
1727 1221 1743 1218 1737 1186 1722 1189 horse 0
1745 1197 1761 1197 1760 1165 1744 1165 horse 0
1715 1191 1715 1175 1683 1173 1683 1189 horse 0
1696 1110 1689 1125 1719 1138 1725 1123 horse 0
1713 1160 1724 1149 1702 1126 1691 1137 horse 0
1733 1177 1744 1165 1720 1143 1709 1155 horse 0
1634 1172 1648 1178 1660 1148 1645 1142 horse 0
1675 1175 1687 1165 1666 1140 1654 1151 horse 0
1648 1138 1641 1124 1612 1137 1618 1151 horse 0
1134 1190 1126 1176 1098 1192 1106 1206 horse 0
1208 1147 1224 1148 1224 1116 1208 1115 horse 0
1217 1164 1233 1162 1230 1131 1214 1132 horse 0
1239 1211 1246 1197 1217 1183 1211 1198 horse 0
1201 1240 1217 1241 1218 1209 1202 1208 horse 0
1190 1253 1206 1255 1209 1223 1193 1221 horse 0
1139 1215 1144 1200 1114 1190 1109 1205 horse 0
1154 1217 1165 1206 1144 1183 1132 1194 horse 0
1181 1325 1196 1330 1207 1300 1192 1295 horse 0
1281 1290 1297 1286 1289 1255 1273 1259 horse 0
1282 1268 1298 1267 1295 1235 1279 1236 horse 0
1382 1315 1387 1300 1357 1289 1352 1304 horse 0
1421 1304 1429 1290 1402 1273 1393 1287 horse 0
1487 1184 1491 1169 1460 1161 1456 1176 horse 0
1502 1255 1516 1248 1502 1219 1488 1226 horse 0
1495 1298 1496 1282 1464 1280 1463 1296 horse 0
1498 1270 1510 1259 1489 1236 1477 1246 horse 0
1512 1311 1512 1295 1480 1293 1480 1309 horse 0
1547 1288 1548 1272 1516 1271 1515 1287 horse 0
1520 1179 1522 1163 1491 1158 1488 1174 horse 0
1531 1169 1533 1153 1501 1150 1500 1166 horse 0
1216 1519 1224 1505 1196 1489 1189 1503 horse 0
1294 1426 1305 1438 1329 1416 1318 1404 horse 0
1311 1473 1317 1458 1287 1446 1281 1461 horse 0
1482 1417 1488 1403 1459 1390 1453 1405 horse 0
1439 1468 1455 1470 1458 1438 1442 1436 horse 0
1478 1486 1490 1475 1468 1452 1456 1463 horse 0
1352 1535 1353 1519 1321 1518 1320 1534 horse 0
1360 1522 1364 1506 1333 1498 1329 1514 horse 0
1387 1510 1401 1503 1388 1474 1373 1481 horse 0
1511 1525 1520 1512 1493 1494 1484 1507 horse 0
1543 1561 1554 1550 1531 1528 1520 1539 horse 0
1572 1518 1577 1503 1546 1493 1542 1509 horse 0
1562 1455 1568 1440 1538 1429 1532 1444 horse 0
1611 1445 1611 1429 1579 1428 1579 1444 horse 0
1672 1426 1668 1410 1637 1418 1641 1433 horse 0
1718 1398 1710 1385 1683 1402 1691 1415 horse 0
1755 1399 1752 1384 1721 1389 1723 1405 horse 0
1778 1413 1774 1397 1743 1404 1747 1420 horse 0
1549 1433 1552 1417 1520 1412 1517 1427 horse 0
1577 1408 1580 1393 1548 1387 1546 1403 horse 0
1536 1618 1525 1606 1501 1628 1512 1640 horse 0
1546 1666 1538 1652 1510 1667 1517 1681 horse 0
1526 1722 1523 1706 1492 1711 1494 1727 horse 0
1553 1707 1549 1691 1518 1700 1522 1715 horse 0
1620 1577 1626 1562 1597 1550 1590 1564 horse 0
1616 1545 1616 1529 1584 1531 1584 1547 horse 0
1551 1349 1566 1345 1557 1314 1541 1318 horse 0
1575 1335 1591 1339 1599 1308 1583 1304 horse 0
1563 1310 1570 1295 1541 1281 1534 1295 horse 0
1592 1298 1583 1285 1557 1304 1566 1317 horse 0
1573 1330 1588 1324 1577 1294 1562 1300 horse 0
1569 1357 1585 1356 1584 1324 1568 1325 horse 0
1561 1380 1577 1376 1569 1345 1554 1348 horse 0
1570 1366 1586 1363 1579 1331 1564 1335 horse 0
1650 1709 1661 1698 1639 1675 1628 1686 horse 0
1724 1682 1719 1667 1689 1675 1693 1690 horse 0
1799 1659 1795 1644 1764 1651 1768 1667 horse 0
1815 1642 1811 1627 1780 1636 1785 1652 horse 0
1637 1756 1639 1740 1608 1736 1605 1752 horse 0
1625 1774 1620 1759 1590 1769 1595 1784 horse 0
1641 1784 1643 1768 1612 1763 1609 1779 horse 0
1646 1803 1654 1789 1627 1773 1618 1787 horse 0
1645 1718 1655 1706 1630 1686 1620 1699 horse 0
1703 1717 1703 1701 1671 1701 1671 1717 horse 0
1712 1733 1713 1717 1681 1715 1680 1731 horse 0
1768 1713 1768 1697 1736 1697 1736 1713 horse 0
1768 1738 1767 1722 1735 1724 1736 1740 horse 0
1785 1744 1783 1728 1751 1732 1753 1748 horse 0
1880 1727 1879 1711 1847 1714 1848 1730 horse 0
1906 1705 1904 1689 1872 1693 1874 1709 horse 0
1974 1729 1970 1714 1939 1722 1943 1738 horse 0
1694 1828 1689 1813 1658 1822 1663 1837 horse 0
1715 1808 1711 1792 1680 1800 1684 1816 horse 0
2028 1906 2023 1890 1993 1899 1997 1914 horse 0
2082 1836 2075 1822 2047 1838 2055 1852 horse 0
2147 1888 2149 1872 2118 1867 2115 1883 horse 0
2202 1868 2199 1853 2168 1859 2171 1875 horse 0
2237 1863 2231 1848 2201 1861 2208 1875 horse 0
2277 1846 2269 1832 2241 1847 2248 1861 horse 0
1969 1827 1960 1814 1934 1832 1943 1845 horse 0
1919 1803 1912 1788 1883 1801 1889 1815 horse 0
1876 1794 1877 1778 1845 1777 1844 1793 horse 0
1815 1817 1812 1802 1781 1809 1784 1824 horse 0
1760 1824 1757 1808 1726 1814 1729 1830 horse 0
1794 1811 1789 1796 1758 1805 1763 1820 horse 0
1767 1796 1766 1780 1734 1783 1735 1799 horse 0
1754 1781 1754 1765 1722 1765 1722 1781 horse 0
3061 1638 3065 1622 3034 1614 3030 1630 horse 0
