1791 995 1781 983 1756 1002 1765 1014 horse 0
2046 812 2030 808 2023 840 2039 843 horse 0
2001 896 1998 880 1967 886 1969 901 horse 0
2028 999 2023 984 1993 994 1998 1010 horse 0
1802 1020 1794 1006 1766 1022 1774 1036 horse 0
1097 397 1091 383 1062 395 1068 410 horse 0
1128 462 1120 448 1092 464 1100 478 horse 0
1333 402 1326 387 1297 401 1304 415 horse 0
1361 369 1352 356 1326 374 1335 387 horse 0
1361 333 1362 317 1330 315 1329 331 horse 0
1238 223 1224 230 1239 258 1253 251 horse 0
1102 88 1099 72 1067 78 1070 93 horse 0
1125 96 1115 84 1090 103 1100 116 horse 0
1384 379 1370 371 1355 399 1369 407 horse 0
1380 394 1366 387 1353 417 1368 423 horse 0
1409 411 1397 401 1377 426 1390 436 horse 0
1418 433 1408 420 1383 440 1393 453 horse 0
1443 445 1438 430 1408 440 1413 455 horse 0
1462 428 1448 420 1431 447 1445 455 horse 0
1494 451 1489 436 1458 445 1463 460 horse 0
1525 468 1514 457 1490 478 1501 490 horse 0
1549 453 1540 440 1514 459 1523 472 horse 0
1533 93 1526 79 1498 95 1506 109 horse 0
1582 132 1572 120 1548 141 1558 153 horse 0
1134 473 1127 459 1098 474 1106 488 horse 0
1204 534 1213 521 1187 503 1178 516 horse 0
1244 555 1239 540 1209 550 1214 565 horse 0
1348 413 1341 399 1312 413 1319 427 horse 0
1260 583 1262 567 1230 564 1228 580 horse 0
1267 611 1273 595 1242 585 1237 600 horse 0
1325 622 1322 607 1291 613 1294 629 horse 0
1380 616 1375 601 1345 612 1350 627 horse 0
1614 480 1609 465 1579 475 1584 490 horse 0
1656 485 1648 471 1621 488 1629 501 horse 0
1716 490 1707 477 1681 495 1690 508 horse 0
1772 437 1763 424 1736 441 1745 455 horse 0
1754 502 1748 487 1718 499 1724 513 horse 0
1909 466 1901 452 1873 468 1881 482 horse 0
1940 490 1939 474 1907 476 1908 492 horse 0
1962 497 1958 481 1927 490 1931 505 horse 0
1906 528 1897 515 1871 534 1880 547 horse 0
1892 537 1884 523 1856 538 1864 552 horse 0
1859 544 1859 528 1827 527 1827 543 horse 0
2106 487 2098 473 2070 489 2078 503 horse 0
1979 632 1973 617 1943 628 1948 643 horse 0
2043 642 2034 628 2007 645 2015 658 horse 0
2185 655 2179 641 2149 653 2155 668 horse 0
2275 666 2259 667 2260 699 2276 698 horse 0
1992 652 1982 639 1957 658 1966 671 horse 0
1982 664 1974 651 1947 668 1956 682 horse 0
1991 681 1982 667 1955 685 1964 698 horse 0
2012 883 2004 869 1976 886 1985 900 horse 0
2509 820 2493 821 2495 853 2511 852 horse 0
2492 833 2476 835 2479 867 2494 865 horse 0
2489 870 2474 864 2462 894 2477 900 horse 0
2514 1091 2506 1077 2479 1094 2487 1107 horse 0
2593 1171 2577 1175 2585 1206 2601 1201 horse 0
2565 1230 2549 1227 2544 1259 2560 1261 horse 0
2640 1238 2628 1227 2607 1251 2619 1262 horse 0
2641 1156 2628 1146 2609 1172 2622 1181 horse 0
2894 1166 2878 1167 2881 1199 2897 1198 horse 0
2929 1140 2920 1126 2893 1144 2902 1157 horse 0
2976 1203 2970 1189 2941 1201 2947 1216 horse 0
3016 1124 3000 1126 3002 1158 3018 1156 horse 0
3289 1212 3286 1197 3254 1203 3258 1219 horse 0
3331 1252 3327 1237 3296 1244 3300 1260 horse 0
3359 1247 3352 1232 3323 1246 3330 1260 horse 0
3317 1262 3314 1246 3282 1252 3286 1268 horse 0
2062 1020 2056 1005 2026 1018 2032 1033 horse 0
2090 1089 2082 1075 2054 1089 2061 1104 horse 0
2174 1111 2172 1095 2140 1100 2142 1116 horse 0
2074 1111 2069 1096 2039 1108 2044 1123 horse 0
2177 1139 2173 1124 2142 1132 2146 1147 horse 0
2148 1176 2132 1176 2134 1208 2150 1208 horse 0
2140 1006 2135 990 2105 1001 2110 1016 horse 0
2195 1025 2184 1014 2161 1036 2172 1048 horse 0
2232 1045 2222 1032 2197 1053 2208 1065 horse 0
2070 1003 2065 988 2035 1000 2040 1015 horse 0
1811 1012 1803 998 1775 1013 1783 1027 horse 0
1832 1029 1824 1015 1796 1031 1804 1045 horse 0
1844 1038 1835 1025 1809 1042 1817 1056 horse 0
1888 1045 1880 1031 1852 1046 1859 1060 horse 0
1308 813 1296 803 1275 827 1287 838 horse 0
1339 805 1326 795 1306 820 1319 830 horse 0
1376 832 1365 820 1342 842 1353 854 horse 0
1400 768 1398 753 1366 756 1368 772 horse 0
1411 717 1402 704 1375 722 1385 735 horse 0
1452 753 1448 738 1417 745 1420 760 horse 0
1445 775 1443 759 1411 764 1413 780 horse 0
1472 793 1463 780 1436 798 1445 811 horse 0
1500 824 1491 811 1464 828 1473 842 horse 0
1530 844 1524 829 1494 841 1500 856 horse 0
1428 717 1422 703 1392 715 1398 730 horse 0
1543 759 1540 744 1509 750 1512 766 horse 0
1735 690 1721 697 1735 726 1750 719 horse 0
1682 737 1676 722 1646 733 1652 748 horse 0
1670 791 1655 786 1645 816 1661 821 horse 0
1665 777 1662 762 1630 768 1634 784 horse 0
1732 737 1727 722 1696 731 1701 746 horse 0
1776 709 1767 696 1741 713 1749 727 horse 0
1785 723 1778 708 1749 721 1755 736 horse 0
1617 833 1615 818 1583 822 1585 838 horse 0
1706 782 1701 767 1671 778 1676 793 horse 0
1744 773 1739 758 1708 768 1713 783 horse 0
2337 1499 2339 1483 2307 1479 2305 1495 horse 0
2418 1505 2411 1491 2383 1507 2390 1521 horse 0
2491 1501 2485 1487 2456 1500 2462 1515 horse 0
2478 1460 2469 1447 2443 1466 2452 1479 horse 0
2512 1474 2505 1460 2477 1474 2484 1488 horse 0
2585 1459 2571 1451 2554 1477 2567 1486 horse 0
1577 762 1572 747 1542 758 1547 773 horse 0
2819 638 2807 627 2785 650 2797 661 horse 0
2873 614 2862 602 2839 624 2850 636 horse 0
2874 1641 2866 1628 2839 1645 2847 1658 horse 0
2945 1664 2941 1649 2910 1658 2914 1673 horse 0
3063 1698 3052 1685 3028 1706 3038 1718 horse 0
3093 1696 3082 1685 3059 1708 3071 1719 horse 0
3052 1632 3043 1619 3017 1638 3026 1651 horse 0
2884 544 2875 531 2848 549 2857 562 horse 0
2929 541 2919 529 2895 549 2905 562 horse 0
2960 537 2955 522 2924 533 2930 548 horse 0
3096 456 3081 460 3089 491 3104 487 horse 0
3186 490 3171 495 3183 525 3198 520 horse 0
3054 539 3038 544 3049 575 3064 569 horse 0
3070 530 3054 534 3060 565 3076 562 horse 0
3113 509 3099 500 3082 527 3096 536 horse 0
2963 412 2954 398 2927 415 2935 428 horse 0
3018 402 3003 395 2989 423 3004 430 horse 0
3053 411 3043 400 3019 421 3030 433 horse 0
2674 439 2669 424 2639 435 2644 450 horse 0
2707 441 2703 425 2672 432 2675 448 horse 0
2724 447 2719 432 2689 442 2694 457 horse 0
2736 437 2729 423 2700 436 2707 451 horse 0
2763 446 2755 432 2727 446 2734 461 horse 0
2799 427 2789 414 2764 434 2773 446 horse 0
2836 422 2827 409 2801 428 2811 441 horse 0
1604 859 1601 843 1570 849 1572 864 horse 0
1547 861 1542 845 1511 855 1516 871 horse 0
1557 870 1551 855 1521 867 1527 882 horse 0
2013 1244 1997 1247 2004 1279 2019 1275 horse 0
1970 1297 1965 1282 1934 1292 1939 1307 horse 0
2030 1314 2026 1298 1995 1305 1999 1321 horse 0
2188 1291 2172 1293 2176 1324 2192 1323 horse 0
2078 1320 2064 1313 2050 1342 2064 1349 horse 0
2163 1353 2162 1337 2130 1340 2132 1356 horse 0
2130 1351 2115 1356 2126 1387 2141 1381 horse 0
2138 1345 2122 1344 2119 1376 2135 1377 horse 0
2373 1744 2361 1733 2340 1757 2352 1768 horse 0
2492 1729 2476 1724 2466 1754 2481 1759 horse 0
2581 1654 2566 1659 2576 1689 2591 1684 horse 0
2601 1647 2585 1648 2588 1680 2604 1679 horse 0
2366 1832 2352 1823 2335 1850 2349 1859 horse 0
2400 1868 2390 1855 2365 1874 2374 1886 horse 0
2422 1887 2409 1896 2428 1922 2441 1912 horse 0
2579 1811 2568 1799 2545 1820 2555 1832 horse 0
2632 1793 2619 1784 2600 1810 2613 1819 horse 0
2693 1779 2678 1774 2668 1805 2683 1810 horse 0
2671 1958 2656 1952 2644 1981 2658 1987 horse 0
2618 1984 2611 1970 2582 1984 2590 1999 horse 0
2670 2005 2657 1997 2639 2023 2653 2032 horse 0
1675 1224 1659 1223 1657 1255 1673 1256 horse 0
1743 1198 1727 1196 1723 1227 1739 1229 horse 0
1743 1168 1727 1166 1723 1198 1739 1199 horse 0
1690 1205 1686 1190 1655 1197 1659 1213 horse 0
1717 1122 1702 1118 1694 1148 1709 1153 horse 0
1691 1140 1692 1124 1660 1121 1659 1137 horse 0
1735 1154 1720 1153 1716 1185 1732 1186 horse 0
1640 1164 1632 1150 1604 1166 1612 1180 horse 0
1671 1144 1658 1135 1639 1161 1653 1170 horse 0
1607 1153 1595 1141 1573 1164 1584 1175 horse 0
1092 1206 1080 1195 1058 1218 1070 1229 horse 0
1219 1125 1203 1125 1203 1157 1219 1157 horse 0
1229 1141 1213 1141 1213 1173 1229 1173 horse 0
1217 1205 1203 1196 1187 1224 1200 1232 horse 0
1213 1217 1197 1220 1204 1252 1219 1248 horse 0
1203 1230 1187 1233 1192 1264 1208 1262 horse 0
1109 1210 1097 1199 1075 1223 1087 1233 horse 0
1139 1205 1125 1197 1108 1224 1122 1232 horse 0
1193 1305 1179 1311 1191 1340 1206 1334 horse 0
1322 1247 1306 1246 1304 1278 1320 1279 horse 0
1340 1240 1356 1242 1360 1211 1344 1208 horse 0
1361 1305 1346 1301 1337 1331 1352 1336 horse 0
1414 1284 1398 1284 1400 1316 1416 1316 horse 0
1453 1171 1438 1165 1428 1196 1443 1201 horse 0
1500 1243 1489 1232 1466 1255 1478 1266 horse 0
1454 1314 1451 1298 1419 1304 1423 1320 horse 0
1475 1254 1464 1242 1441 1264 1452 1276 horse 0
1469 1321 1459 1308 1435 1329 1445 1341 horse 0
1505 1292 1492 1282 1472 1306 1484 1317 horse 0
1479 1173 1465 1167 1451 1196 1466 1202 horse 0
1498 1173 1489 1160 1463 1178 1472 1191 horse 0
1202 1494 1186 1498 1194 1529 1209 1525 horse 0
1316 1414 1300 1417 1304 1448 1320 1446 horse 0
1279 1461 1268 1450 1245 1472 1256 1483 horse 0
1443 1408 1437 1393 1408 1405 1414 1420 horse 0
1447 1454 1434 1445 1415 1470 1428 1480 horse 0
1472 1460 1456 1461 1459 1493 1475 1492 horse 0
1331 1517 1315 1522 1325 1552 1340 1547 horse 0
1346 1502 1331 1507 1342 1537 1357 1532 horse 0
1360 1487 1344 1487 1345 1519 1361 1519 horse 0
1500 1501 1484 1502 1488 1534 1504 1533 horse 0
1513 1564 1509 1548 1478 1555 1482 1571 horse 0
1553 1497 1538 1500 1544 1531 1559 1528 horse 0
1519 1448 1510 1435 1484 1453 1493 1466 horse 0
1597 1438 1584 1429 1564 1454 1577 1464 horse 0
1629 1425 1613 1425 1612 1457 1628 1457 horse 0
1665 1422 1650 1417 1640 1447 1655 1452 horse 0
1710 1414 1697 1405 1678 1430 1691 1440 horse 0
1756 1412 1741 1408 1733 1439 1748 1443 horse 0
1502 1429 1493 1416 1467 1435 1476 1448 horse 0
1537 1401 1526 1389 1502 1410 1513 1422 horse 0
1521 1617 1505 1620 1511 1651 1527 1648 horse 0
1516 1694 1502 1686 1486 1714 1500 1722 horse 0
1484 1716 1468 1715 1466 1747 1482 1748 horse 0
1518 1717 1503 1714 1497 1745 1513 1748 horse 0
1582 1566 1572 1554 1547 1574 1558 1586 horse 0
1563 1551 1553 1538 1528 1558 1538 1571 horse 0
1562 1334 1548 1325 1530 1352 1544 1361 horse 0
1590 1313 1574 1317 1581 1348 1597 1345 horse 0
1554 1293 1538 1291 1535 1323 1551 1325 horse 0
1576 1301 1560 1300 1559 1332 1575 1333 horse 0
1569 1305 1555 1313 1572 1340 1586 1332 horse 0
1581 1335 1565 1336 1569 1368 1584 1367 horse 0
1561 1354 1545 1356 1549 1388 1565 1386 horse 0
1576 1342 1560 1344 1564 1375 1580 1374 horse 0
1648 1688 1632 1688 1632 1720 1648 1720 horse 0
1694 1678 1678 1677 1676 1709 1692 1710 horse 0
1755 1669 1741 1660 1724 1687 1737 1696 horse 0
1772 1654 1759 1644 1740 1670 1754 1680 horse 0
1614 1745 1600 1736 1584 1764 1597 1772 horse 0
1600 1770 1586 1776 1598 1806 1613 1799 horse 0
1622 1773 1607 1778 1616 1808 1631 1804 horse 0
1635 1786 1620 1791 1630 1822 1645 1817 horse 0
1643 1697 1627 1698 1629 1730 1645 1729 horse 0
1651 1731 1650 1715 1618 1717 1619 1733 horse 0
1673 1729 1661 1718 1639 1741 1651 1752 horse 0
1716 1710 1702 1701 1684 1728 1697 1737 horse 0
1754 1726 1738 1728 1742 1760 1758 1758 horse 0
1775 1740 1759 1736 1751 1767 1766 1771 horse 0
1829 1739 1816 1731 1799 1758 1813 1766 horse 0
1859 1713 1847 1703 1827 1729 1840 1738 horse 0
1961 1719 1945 1718 1944 1750 1960 1751 horse 0
1673 1820 1658 1826 1671 1855 1686 1849 horse 0
1683 1817 1675 1803 1647 1817 1654 1831 horse 0
1993 1911 1978 1905 1966 1935 1980 1941 horse 0
2066 1831 2051 1837 2062 1867 2077 1861 horse 0
2104 1878 2093 1867 2069 1888 2080 1900 horse 0
2153 1875 2142 1863 2118 1885 2129 1896 horse 0
2188 1883 2177 1871 2153 1891 2163 1904 horse 0
2229 1867 2216 1858 2199 1885 2212 1894 horse 0
1952 1822 1936 1827 1945 1857 1961 1853 horse 0
1883 1822 1868 1817 1858 1848 1873 1853 horse 0
1844 1799 1829 1794 1818 1824 1833 1830 horse 0
1768 1823 1755 1813 1735 1837 1747 1847 horse 0
1707 1819 1692 1812 1678 1840 1692 1847 horse 0
1742 1824 1732 1811 1707 1830 1717 1843 horse 0
1743 1792 1728 1787 1717 1817 1732 1822 horse 0
1729 1789 1716 1780 1697 1806 1710 1815 horse 0
3023 1629 3014 1616 2987 1634 2996 1647 horse 0
