1803 990 1793 977 1767 996 1777 1009 horse 0
2039 798 2023 801 2029 832 2045 829 horse 0
2018 879 2007 867 1983 887 1993 900 horse 0
2042 1003 2044 987 2012 984 2011 1000 horse 0
1820 1018 1816 1003 1785 1011 1790 1026 horse 0
1101 416 1109 402 1082 386 1074 399 horse 0
1143 467 1146 451 1114 446 1112 462 horse 0
1348 406 1348 390 1316 391 1316 407 horse 0
1374 378 1373 362 1341 363 1342 379 horse 0
1360 349 1373 339 1352 314 1340 325 horse 0
1253 222 1238 216 1227 246 1242 252 horse 0
1108 99 1114 85 1085 72 1079 86 horse 0
1129 117 1138 104 1111 86 1102 99 horse 0
1399 393 1399 377 1367 379 1367 395 horse 0
1397 409 1396 393 1364 393 1365 409 horse 0
1423 423 1424 407 1392 407 1391 423 horse 0
1430 444 1431 428 1399 426 1398 442 horse 0
1448 457 1452 442 1421 433 1417 449 horse 0
1478 445 1479 429 1447 427 1446 443 horse 0
1506 457 1507 441 1475 437 1474 453 horse 0
1541 473 1539 457 1508 461 1509 477 horse 0
1563 457 1561 441 1529 444 1531 460 horse 0
1524 114 1538 107 1524 78 1510 85 horse 0
1589 149 1592 133 1560 128 1558 144 horse 0
1148 478 1150 462 1118 459 1116 475 horse 0
1213 539 1223 526 1197 507 1188 519 horse 0
1248 568 1253 553 1223 542 1217 557 horse 0
1363 419 1363 403 1331 403 1331 419 horse 0
1266 589 1270 573 1240 565 1235 580 horse 0
1278 615 1285 600 1256 586 1249 601 horse 0
1340 624 1340 608 1308 608 1308 624 horse 0
1397 614 1395 598 1363 602 1365 618 horse 0
1630 480 1628 464 1596 466 1598 482 horse 0
1673 487 1671 472 1639 476 1641 492 horse 0
1732 488 1727 473 1697 483 1702 499 horse 0
1786 446 1788 430 1756 426 1754 442 horse 0
1771 499 1768 483 1737 487 1739 503 horse 0
1918 480 1923 465 1893 454 1888 469 horse 0
1955 492 1957 476 1925 473 1923 489 horse 0
1977 498 1978 482 1946 481 1945 497 horse 0
1925 524 1920 509 1889 520 1895 535 horse 0
1913 535 1909 519 1878 527 1882 543 horse 0
1878 541 1879 525 1847 523 1846 539 horse 0
2123 487 2118 472 2088 482 2093 497 horse 0
1993 628 1989 613 1958 620 1962 635 horse 0
2058 644 2057 629 2025 632 2026 648 horse 0
2200 652 2196 637 2165 643 2168 659 horse 0
2270 657 2255 663 2267 693 2282 687 horse 0
2007 651 2002 636 1972 645 1976 660 horse 0
1995 661 1990 646 1960 657 1965 672 horse 0
2005 679 2002 663 1970 669 1973 685 horse 0
2002 862 1986 863 1988 895 2004 894 horse 0
2507 811 2492 815 2500 846 2515 842 horse 0
2484 824 2471 832 2487 860 2501 851 horse 0
2489 856 2473 856 2473 888 2489 888 horse 0
2530 1093 2526 1077 2495 1085 2499 1100 horse 0
2594 1162 2578 1165 2586 1196 2601 1193 horse 0
2571 1227 2557 1220 2543 1249 2558 1256 horse 0
2634 1221 2618 1221 2618 1253 2634 1253 horse 0
2654 1147 2642 1136 2620 1160 2632 1171 horse 0
2893 1157 2877 1159 2883 1191 2898 1188 horse 0
2945 1129 2935 1117 2911 1138 2921 1150 horse 0
2993 1197 2987 1182 2957 1194 2963 1209 horse 0
3014 1115 2998 1118 3005 1149 3020 1146 horse 0
3308 1208 3304 1192 3273 1200 3277 1215 horse 0
3337 1220 3321 1220 3320 1252 3336 1252 horse 0
3380 1240 3374 1225 3344 1238 3350 1253 horse 0
3341 1257 3336 1242 3305 1252 3311 1267 horse 0
2078 1027 2079 1011 2047 1009 2046 1025 horse 0
2099 1099 2101 1083 2070 1078 2067 1094 horse 0
2186 1094 2172 1085 2155 1112 2169 1121 horse 0
2086 1126 2091 1110 2060 1101 2055 1116 horse 0
2180 1119 2164 1116 2157 1147 2173 1151 horse 0
2153 1169 2137 1167 2134 1199 2150 1201 horse 0
2154 1006 2152 990 2120 994 2122 1010 horse 0
2206 1021 2197 1007 2170 1024 2179 1038 horse 0
2247 1045 2241 1030 2211 1042 2217 1057 horse 0
2087 1008 2086 992 2054 993 2055 1009 horse 0
1827 1011 1825 995 1793 999 1795 1015 horse 0
1846 1030 1843 1014 1812 1022 1815 1037 horse 0
1862 1038 1857 1022 1826 1032 1831 1047 horse 0
1906 1039 1900 1024 1870 1038 1877 1052 horse 0
1318 803 1306 794 1286 819 1299 829 horse 0
1352 800 1342 787 1317 808 1328 820 horse 0
1392 828 1386 813 1357 825 1363 840 horse 0
1413 770 1415 754 1384 749 1381 765 horse 0
1429 720 1428 705 1396 708 1398 724 horse 0
1468 751 1466 736 1435 739 1436 755 horse 0
1462 772 1460 756 1428 760 1430 776 horse 0
1488 792 1483 776 1453 786 1457 801 horse 0
1515 826 1511 810 1480 817 1484 833 horse 0
1551 843 1550 827 1518 829 1519 845 horse 0
1445 715 1442 699 1411 704 1413 720 horse 0
1562 756 1560 740 1528 744 1530 760 horse 0
1751 690 1737 683 1724 712 1738 719 horse 0
1702 734 1699 719 1667 725 1670 741 horse 0
1683 802 1680 786 1648 792 1652 808 horse 0
1685 777 1685 761 1653 760 1653 776 horse 0
1751 735 1749 719 1718 723 1720 739 horse 0
1789 718 1790 702 1758 699 1757 715 horse 0
1797 727 1797 711 1765 711 1765 727 horse 0
1629 840 1632 824 1601 818 1598 834 horse 0
1723 784 1721 768 1689 772 1691 788 horse 0
1764 775 1763 759 1731 761 1732 777 horse 0
2351 1500 2353 1484 2321 1481 2319 1497 horse 0
2438 1503 2433 1487 2403 1496 2407 1512 horse 0
2508 1496 2504 1480 2473 1488 2477 1504 horse 0
2496 1460 2493 1445 2461 1452 2465 1467 horse 0
2529 1474 2526 1458 2495 1463 2497 1479 horse 0
2597 1445 2584 1435 2565 1460 2578 1470 horse 0
1595 758 1591 743 1560 750 1564 766 horse 0
2839 629 2832 614 2804 629 2811 644 horse 0
2892 608 2886 593 2856 605 2862 620 horse 0
2890 1644 2888 1628 2856 1632 2858 1648 horse 0
2967 1658 2963 1642 2932 1650 2936 1666 horse 0
3080 1694 3075 1679 3045 1689 3050 1705 horse 0
3114 1696 3110 1680 3079 1687 3082 1703 horse 0
3069 1633 3066 1617 3035 1624 3038 1639 horse 0
2905 538 2901 523 2870 531 2874 546 horse 0
2946 549 2947 533 2915 530 2914 546 horse 0
2977 542 2980 526 2948 520 2945 536 horse 0
3117 457 3107 445 3083 465 3093 478 horse 0
3193 483 3177 483 3176 515 3192 515 horse 0
3060 531 3044 533 3048 565 3064 563 horse 0
3093 546 3092 530 3060 532 3061 548 horse 0
3131 499 3121 486 3095 506 3105 518 horse 0
2977 415 2977 399 2945 399 2945 415 horse 0
3041 405 3036 390 3005 401 3011 416 horse 0
3070 407 3064 392 3035 406 3042 420 horse 0
2697 431 2693 416 2662 425 2667 441 horse 0
2732 434 2728 418 2697 426 2701 441 horse 0
2750 436 2745 421 2715 432 2720 447 horse 0
2761 428 2754 413 2725 425 2731 440 horse 0
2784 437 2778 422 2748 433 2754 448 horse 0
2821 419 2814 404 2785 418 2792 432 horse 0
2856 417 2850 402 2820 415 2827 429 horse 0
1619 861 1622 845 1590 840 1587 855 horse 0
1568 859 1567 843 1535 846 1536 862 horse 0
1575 857 1565 845 1540 865 1551 877 horse 0
2027 1247 2016 1236 1993 1259 2005 1270 horse 0
1988 1295 1985 1279 1953 1285 1956 1301 horse 0
2050 1310 2048 1295 2016 1299 2018 1315 horse 0
2192 1283 2176 1283 2176 1315 2192 1315 horse 0
2095 1329 2090 1314 2059 1322 2064 1338 horse 0
2178 1350 2177 1335 2145 1335 2146 1351 horse 0
2137 1344 2121 1345 2122 1377 2138 1376 horse 0
2135 1335 2120 1337 2125 1369 2141 1366 horse 0
2393 1740 2387 1725 2357 1737 2363 1752 horse 0
2497 1717 2482 1711 2469 1740 2484 1746 horse 0
2592 1648 2577 1643 2567 1673 2582 1678 horse 0
2623 1652 2614 1638 2587 1656 2596 1669 horse 0
2383 1819 2373 1807 2348 1827 2358 1839 horse 0
2420 1854 2409 1842 2385 1863 2395 1875 horse 0
2441 1883 2426 1877 2414 1906 2428 1913 horse 0
2599 1807 2593 1792 2563 1804 2569 1819 horse 0
2654 1787 2644 1774 2618 1792 2627 1805 horse 0
2705 1773 2693 1762 2672 1786 2684 1797 horse 0
2685 1944 2673 1934 2652 1958 2665 1969 horse 0
2639 1977 2632 1962 2603 1975 2609 1989 horse 0
2691 2000 2683 1987 2655 2004 2664 2017 horse 0
1680 1216 1665 1213 1658 1244 1673 1248 horse 0
1735 1187 1720 1194 1733 1223 1748 1216 horse 0
1760 1181 1755 1165 1725 1175 1730 1190 horse 0
1699 1185 1688 1173 1665 1194 1675 1206 horse 0
1725 1122 1715 1110 1690 1131 1701 1143 horse 0
1702 1141 1704 1125 1672 1122 1670 1138 horse 0
1724 1144 1710 1152 1727 1179 1741 1171 horse 0
1659 1162 1654 1146 1624 1156 1628 1171 horse 0
1658 1169 1674 1165 1665 1134 1649 1138 horse 0
1627 1145 1619 1131 1591 1147 1599 1161 horse 0
1110 1200 1102 1186 1074 1201 1081 1215 horse 0
1219 1116 1203 1120 1210 1151 1226 1148 horse 0
1229 1133 1213 1135 1216 1166 1232 1165 horse 0
1224 1193 1209 1185 1195 1214 1209 1221 horse 0
1215 1210 1200 1212 1204 1244 1220 1241 horse 0
1203 1222 1187 1226 1195 1257 1210 1253 horse 0
1124 1208 1118 1194 1088 1207 1095 1221 horse 0
1153 1203 1145 1189 1117 1204 1125 1218 horse 0
1203 1299 1187 1298 1185 1330 1201 1331 horse 0
1284 1250 1285 1266 1317 1264 1315 1248 horse 0
1318 1234 1321 1249 1352 1243 1349 1227 horse 0
1379 1306 1370 1292 1343 1311 1352 1324 horse 0
1418 1275 1402 1276 1405 1308 1421 1306 horse 0
1468 1176 1461 1161 1432 1176 1440 1190 horse 0
1514 1238 1505 1225 1479 1243 1488 1256 horse 0
1472 1295 1461 1282 1437 1303 1447 1315 horse 0
1491 1254 1485 1239 1455 1250 1461 1265 horse 0
1488 1310 1478 1297 1452 1317 1462 1329 horse 0
1523 1287 1516 1273 1487 1287 1494 1301 horse 0
1500 1170 1491 1157 1464 1175 1473 1188 horse 0
1512 1164 1503 1151 1476 1169 1485 1182 horse 0
1218 1503 1210 1489 1182 1504 1190 1518 horse 0
1329 1418 1317 1407 1295 1430 1307 1441 horse 0
1297 1462 1293 1447 1262 1456 1267 1471 horse 0
1462 1405 1458 1389 1427 1395 1430 1411 horse 0
1462 1456 1455 1442 1426 1456 1433 1470 horse 0
1481 1457 1466 1450 1452 1478 1466 1486 horse 0
1347 1521 1336 1510 1313 1531 1323 1543 horse 0
1363 1505 1350 1494 1330 1519 1342 1529 horse 0
1389 1503 1389 1487 1357 1487 1357 1503 horse 0
1509 1498 1495 1491 1481 1519 1495 1526 horse 0
1534 1555 1527 1540 1498 1554 1505 1569 horse 0
1566 1496 1552 1488 1536 1516 1549 1524 horse 0
1539 1447 1535 1431 1504 1440 1508 1455 horse 0
1606 1439 1599 1425 1570 1438 1577 1453 horse 0
1646 1428 1636 1415 1611 1434 1620 1447 horse 0
1690 1416 1682 1402 1655 1418 1663 1432 horse 0
1729 1405 1720 1392 1693 1409 1702 1422 horse 0
1764 1403 1748 1398 1738 1428 1753 1433 horse 0
1522 1429 1518 1413 1487 1420 1491 1436 horse 0
1553 1403 1550 1388 1519 1393 1521 1409 horse 0
1535 1618 1522 1608 1502 1633 1514 1643 horse 0
1533 1676 1522 1665 1500 1689 1511 1699 horse 0
1506 1723 1499 1708 1470 1723 1477 1737 horse 0
1537 1716 1528 1703 1502 1722 1511 1735 horse 0
1604 1566 1601 1550 1569 1557 1573 1572 horse 0
1584 1546 1579 1531 1548 1541 1554 1557 horse 0
1567 1326 1554 1317 1536 1343 1549 1352 horse 0
1598 1308 1582 1306 1577 1337 1593 1340 horse 0
1536 1286 1530 1301 1560 1313 1566 1298 horse 0
1585 1293 1570 1288 1559 1318 1574 1323 horse 0
1588 1302 1573 1296 1561 1326 1576 1332 horse 0
1587 1329 1571 1326 1566 1357 1581 1360 horse 0
1578 1356 1566 1346 1545 1370 1558 1381 horse 0
1585 1337 1569 1333 1561 1364 1577 1368 horse 0
1659 1688 1647 1678 1626 1702 1639 1713 horse 0
1678 1698 1693 1704 1704 1673 1689 1668 horse 0
1774 1664 1765 1650 1739 1667 1747 1681 horse 0
1791 1648 1782 1634 1755 1651 1764 1665 horse 0
1630 1747 1624 1733 1595 1745 1601 1760 horse 0
1618 1770 1604 1761 1586 1787 1599 1796 horse 0
1639 1769 1625 1761 1607 1787 1621 1796 horse 0
1650 1784 1637 1775 1618 1800 1631 1810 horse 0
1642 1687 1626 1690 1632 1721 1647 1718 horse 0
1672 1716 1664 1702 1636 1717 1643 1731 horse 0
1688 1726 1682 1712 1653 1725 1659 1740 horse 0
1737 1712 1731 1697 1701 1709 1707 1724 horse 0
1768 1727 1756 1717 1735 1742 1748 1752 horse 0
1782 1732 1768 1724 1752 1751 1765 1760 horse 0
1851 1730 1842 1717 1816 1734 1824 1748 horse 0
1881 1709 1873 1695 1846 1712 1854 1726 horse 0
1968 1720 1957 1708 1934 1730 1945 1742 horse 0
1692 1822 1679 1812 1659 1837 1672 1847 horse 0
1700 1805 1690 1792 1665 1813 1675 1825 horse 0
2009 1906 1997 1895 1975 1918 1987 1929 horse 0
2080 1829 2066 1822 2052 1851 2066 1858 horse 0
2122 1875 2115 1861 2086 1876 2094 1890 horse 0
2173 1870 2166 1855 2137 1869 2144 1883 horse 0
2208 1876 2202 1861 2173 1875 2180 1890 horse 0
2249 1858 2238 1846 2214 1868 2225 1880 horse 0
1966 1821 1952 1814 1936 1841 1950 1849 horse 0
1899 1812 1887 1801 1865 1824 1877 1835 horse 0
1859 1790 1847 1779 1827 1804 1839 1814 horse 0
1790 1820 1782 1806 1754 1821 1761 1835 horse 0
1729 1828 1724 1813 1694 1823 1699 1839 horse 0
1766 1817 1758 1803 1730 1819 1738 1833 horse 0
1754 1787 1743 1775 1720 1797 1731 1809 horse 0
1742 1783 1732 1771 1707 1791 1718 1804 horse 0
3039 1629 3036 1613 3004 1618 3007 1633 horse 0
