1813 1012 1820 997 1791 984 1784 999 horse 0
2031 832 2046 828 2036 797 2021 802 horse 0
2034 905 2045 893 2021 871 2010 883 horse 0
2066 1014 2072 1000 2043 987 2036 1002 horse 0
1846 1026 1848 1010 1817 1005 1814 1021 horse 0
1121 437 1130 424 1103 406 1094 419 horse 0
1165 482 1172 467 1142 455 1136 469 horse 0
1375 420 1378 405 1347 397 1344 413 horse 0
1389 393 1397 380 1369 364 1361 377 horse 0
1392 366 1400 352 1373 335 1365 348 horse 0
1267 252 1272 236 1242 226 1237 241 horse 0
1119 115 1131 104 1110 81 1098 92 horse 0
1147 131 1157 118 1132 98 1122 111 horse 0
1426 394 1427 378 1396 376 1394 392 horse 0
1419 417 1421 401 1390 396 1387 412 horse 0
1445 432 1449 417 1419 409 1414 424 horse 0
1453 454 1457 438 1425 431 1422 447 horse 0
1471 466 1474 450 1443 444 1440 460 horse 0
1501 454 1505 439 1474 431 1470 447 horse 0
1532 462 1534 446 1502 443 1500 458 horse 0
1569 474 1571 458 1539 455 1537 471 horse 0
1590 458 1591 442 1559 439 1558 455 horse 0
1546 124 1555 111 1529 93 1520 106 horse 0
1610 156 1614 141 1583 133 1579 148 horse 0
1150 496 1158 483 1131 466 1123 479 horse 0
1231 555 1239 541 1212 525 1204 539 horse 0
1257 587 1267 574 1243 554 1233 567 horse 0
1392 422 1389 406 1357 414 1361 429 horse 0
1272 610 1284 599 1262 576 1250 587 horse 0
1303 624 1309 610 1279 597 1273 612 horse 0
1370 625 1369 609 1337 611 1338 627 horse 0
1426 608 1421 593 1391 603 1396 618 horse 0
1655 486 1658 471 1627 465 1624 481 horse 0
1699 492 1700 476 1668 475 1667 491 horse 0
1756 497 1759 481 1727 475 1724 490 horse 0
1810 451 1813 435 1781 430 1779 446 horse 0
1799 500 1800 484 1768 481 1767 497 horse 0
1941 486 1944 471 1913 464 1909 480 horse 0
1983 496 1986 480 1955 474 1952 490 horse 0
2006 504 2008 488 1977 483 1974 499 horse 0
1951 520 1946 504 1916 513 1920 528 horse 0
1939 533 1935 517 1904 524 1907 539 horse 0
1906 548 1910 532 1879 524 1875 539 horse 0
2152 495 2153 479 2121 477 2120 493 horse 0
2011 637 2015 621 1984 613 1980 629 horse 0
2085 650 2086 634 2054 632 2053 648 horse 0
2221 663 2227 649 2197 637 2191 651 horse 0
2276 689 2285 675 2258 657 2249 671 horse 0
2032 653 2033 637 2001 635 2000 651 horse 0
2013 663 2013 647 1981 648 1981 664 horse 0
2032 672 2031 656 1999 658 2000 674 horse 0
1980 878 1987 892 2015 877 2008 863 horse 0
2515 840 2521 826 2492 813 2486 827 horse 0
2502 848 2502 832 2470 831 2470 847 horse 0
2503 863 2492 851 2469 873 2479 884 horse 0
2545 1113 2554 1099 2527 1081 2518 1094 horse 0
2581 1160 2571 1171 2594 1193 2605 1181 horse 0
2547 1221 2539 1235 2567 1250 2575 1236 horse 0
2615 1220 2605 1233 2631 1253 2640 1240 horse 0
2667 1137 2653 1129 2637 1156 2651 1164 horse 0
2905 1171 2899 1156 2869 1168 2875 1183 horse 0
2973 1131 2969 1115 2938 1123 2942 1138 horse 0
3022 1197 3018 1181 2987 1189 2991 1205 horse 0
3010 1112 2995 1117 3005 1147 3020 1142 horse 0
3337 1221 3340 1205 3308 1201 3306 1217 horse 0
3377 1238 3375 1222 3344 1226 3345 1242 horse 0
3411 1252 3411 1236 3379 1236 3379 1252 horse 0
3378 1278 3383 1262 3352 1254 3348 1269 horse 0
2104 1039 2109 1024 2078 1014 2073 1029 horse 0
2118 1111 2124 1096 2094 1085 2088 1100 horse 0
2170 1084 2157 1093 2175 1119 2188 1110 horse 0
2103 1146 2113 1134 2088 1114 2078 1127 horse 0
2161 1117 2152 1130 2178 1148 2187 1135 horse 0
2141 1163 2128 1172 2146 1198 2159 1189 horse 0
2170 1025 2178 1011 2150 996 2143 1009 horse 0
2208 1041 2218 1029 2193 1009 2183 1022 horse 0
2266 1067 2274 1053 2247 1037 2239 1050 horse 0
2112 1022 2117 1007 2087 996 2081 1012 horse 0
1855 1007 1851 992 1820 999 1823 1015 horse 0
1870 1039 1873 1024 1842 1017 1838 1033 horse 0
1884 1048 1888 1032 1857 1025 1853 1040 horse 0
1934 1048 1935 1032 1903 1029 1902 1045 horse 0
1337 814 1337 798 1305 798 1305 814 horse 0
1371 804 1370 788 1338 790 1339 806 horse 0
1417 821 1412 806 1381 816 1387 831 horse 0
1438 778 1441 762 1410 756 1407 772 horse 0
1457 732 1463 717 1433 706 1427 721 horse 0
1498 754 1499 738 1467 738 1466 754 horse 0
1488 783 1492 768 1461 759 1457 774 horse 0
1511 804 1517 789 1488 777 1482 792 horse 0
1536 845 1544 831 1516 816 1508 830 horse 0
1586 849 1588 833 1557 828 1554 843 horse 0
1471 732 1477 717 1447 705 1442 720 horse 0
1594 760 1596 744 1564 741 1563 757 horse 0
1755 709 1757 693 1725 690 1724 706 horse 0
1736 740 1738 724 1706 721 1705 737 horse 0
1694 806 1697 790 1665 785 1663 801 horse 0
1716 790 1723 776 1695 762 1688 776 horse 0
1783 739 1784 723 1752 721 1751 737 horse 0
1814 727 1819 712 1789 702 1783 717 horse 0
1819 738 1825 723 1795 711 1789 726 horse 0
1648 860 1656 847 1629 829 1621 843 horse 0
1749 795 1755 781 1726 767 1720 782 horse 0
1797 779 1797 763 1765 763 1765 779 horse 0
2378 1508 2380 1492 2349 1487 2346 1503 horse 0
2469 1508 2469 1492 2437 1492 2437 1508 horse 0
2530 1495 2527 1480 2496 1485 2498 1500 horse 0
2524 1466 2524 1450 2492 1451 2492 1467 horse 0
2556 1482 2558 1466 2526 1462 2524 1478 horse 0
2574 1432 2565 1446 2593 1463 2601 1449 horse 0
1623 760 1623 744 1591 744 1591 760 horse 0
2869 635 2871 619 2839 614 2837 630 horse 0
2918 616 2923 601 2893 591 2888 607 horse 0
2916 1651 2919 1635 2887 1630 2885 1646 horse 0
3002 1656 3000 1641 2969 1644 2970 1660 horse 0
3104 1699 3106 1683 3074 1680 3073 1696 horse 0
3144 1698 3145 1682 3113 1681 3112 1697 horse 0
3093 1640 3096 1624 3064 1620 3062 1635 horse 0
2931 547 2936 532 2905 522 2901 537 horse 0
2975 556 2979 540 2948 532 2944 547 horse 0
3008 545 3010 529 2979 525 2977 541 horse 0
3139 470 3142 454 3110 449 3108 465 horse 0
3197 510 3202 495 3171 486 3166 501 horse 0
3068 556 3070 541 3039 535 3036 551 horse 0
3121 546 3123 530 3091 527 3090 543 horse 0
3159 486 3151 472 3123 486 3130 500 horse 0
3006 420 3011 405 2981 395 2976 410 horse 0
3071 413 3073 397 3042 393 3040 409 horse 0
3100 411 3099 395 3067 397 3068 413 horse 0
2737 434 2737 418 2705 419 2705 435 horse 0
2772 432 2771 416 2739 418 2740 434 horse 0
2792 434 2790 418 2758 422 2760 438 horse 0
2807 424 2804 409 2773 415 2776 431 horse 0
2824 429 2819 413 2789 422 2793 437 horse 0
2859 416 2857 400 2825 405 2828 421 horse 0
2893 413 2891 397 2859 403 2862 418 horse 0
1639 876 1647 862 1619 846 1611 860 horse 0
1604 866 1606 850 1575 845 1572 861 horse 0
1606 873 1608 857 1577 853 1575 869 horse 0
2000 1240 1995 1255 2025 1266 2031 1251 horse 0
2018 1307 2022 1292 1991 1284 1987 1299 horse 0
2077 1321 2080 1305 2049 1300 2046 1315 horse 0
2180 1279 2167 1289 2188 1314 2200 1304 horse 0
2112 1345 2120 1331 2091 1317 2084 1331 horse 0
2200 1358 2205 1342 2174 1332 2169 1348 horse 0
2154 1362 2152 1346 2121 1349 2122 1365 horse 0
2158 1357 2158 1341 2126 1341 2126 1357 horse 0
2423 1732 2417 1717 2387 1728 2393 1743 horse 0
2465 1719 2469 1735 2500 1727 2496 1712 horse 0
2603 1663 2602 1647 2570 1650 2571 1666 horse 0
2638 1650 2634 1635 2603 1644 2608 1659 horse 0
2393 1799 2379 1791 2364 1820 2378 1827 horse 0
2435 1824 2421 1817 2407 1846 2421 1853 horse 0
2425 1867 2411 1874 2426 1903 2440 1895 horse 0
2628 1803 2622 1788 2592 1800 2598 1815 horse 0
2678 1773 2668 1761 2643 1782 2654 1794 horse 0
2693 1758 2677 1763 2688 1793 2703 1788 horse 0
2665 1927 2655 1939 2681 1959 2691 1946 horse 0
2666 1973 2663 1957 2632 1963 2635 1979 horse 0
2702 1976 2686 1977 2688 2009 2704 2008 horse 0
1683 1202 1669 1210 1683 1238 1697 1231 horse 0
1715 1197 1717 1213 1748 1210 1747 1194 horse 0
1738 1169 1735 1185 1766 1192 1769 1177 horse 0
1717 1178 1707 1165 1682 1185 1692 1198 horse 0
1698 1140 1714 1141 1716 1109 1700 1108 horse 0
1715 1159 1725 1147 1701 1126 1690 1139 horse 0
1743 1168 1743 1152 1711 1152 1711 1168 horse 0
1630 1154 1632 1170 1664 1165 1661 1149 horse 0
1677 1174 1688 1162 1663 1141 1653 1154 horse 0
1614 1129 1614 1145 1646 1146 1646 1130 horse 0
1134 1186 1124 1174 1100 1194 1110 1207 horse 0
1199 1124 1200 1140 1232 1139 1231 1123 horse 0
1207 1141 1208 1157 1240 1153 1238 1138 horse 0
1242 1209 1246 1193 1215 1186 1211 1201 horse 0
1193 1216 1193 1232 1225 1233 1225 1217 horse 0
1183 1230 1183 1246 1215 1246 1215 1230 horse 0
1145 1202 1138 1188 1109 1202 1116 1216 horse 0
1166 1207 1165 1191 1133 1192 1134 1208 horse 0
1176 1308 1180 1324 1211 1317 1207 1301 horse 0
1275 1288 1291 1290 1294 1258 1278 1256 horse 0
1277 1266 1293 1269 1299 1238 1283 1235 horse 0
1359 1288 1351 1302 1380 1316 1387 1302 horse 0
1396 1279 1394 1295 1426 1298 1428 1282 horse 0
1491 1179 1489 1163 1457 1165 1459 1181 horse 0
1501 1255 1516 1249 1503 1219 1489 1225 horse 0
1497 1288 1489 1274 1462 1290 1470 1304 horse 0
1509 1263 1512 1247 1480 1242 1478 1258 horse 0
1514 1299 1504 1286 1478 1305 1488 1317 horse 0
1550 1278 1542 1264 1514 1280 1522 1294 horse 0
1523 1172 1519 1156 1488 1164 1493 1180 horse 0
1535 1161 1529 1146 1499 1157 1504 1172 horse 0
1215 1520 1225 1507 1199 1488 1189 1501 horse 0
1296 1413 1295 1429 1327 1429 1328 1413 horse 0
1307 1475 1317 1463 1291 1443 1281 1456 horse 0
1483 1417 1489 1402 1459 1391 1453 1406 horse 0
1431 1451 1436 1466 1466 1455 1461 1440 horse 0
1477 1486 1489 1476 1469 1451 1457 1461 horse 0
1353 1535 1353 1519 1321 1518 1321 1534 horse 0
1341 1527 1357 1525 1352 1493 1336 1495 horse 0
1370 1497 1381 1508 1404 1487 1394 1475 horse 0
1508 1527 1519 1515 1497 1493 1485 1504 horse 0
1520 1551 1532 1562 1554 1538 1542 1527 horse 0
1574 1518 1578 1502 1547 1494 1543 1509 horse 0
1563 1454 1568 1439 1538 1429 1533 1445 horse 0
1611 1443 1610 1427 1578 1429 1579 1445 horse 0
1673 1420 1665 1406 1637 1423 1645 1436 horse 0
1719 1396 1710 1383 1684 1402 1693 1415 horse 0
1756 1399 1752 1383 1721 1389 1724 1405 horse 0
1779 1408 1771 1394 1743 1408 1750 1423 horse 0
1550 1432 1552 1417 1521 1412 1518 1428 horse 0
1579 1407 1580 1391 1548 1389 1547 1405 horse 0
1502 1630 1514 1640 1535 1616 1523 1606 horse 0
1530 1649 1515 1654 1526 1684 1541 1679 horse 0
1527 1718 1522 1703 1492 1715 1498 1730 horse 0
1556 1698 1546 1685 1521 1705 1531 1717 horse 0
1619 1577 1626 1563 1598 1549 1591 1563 horse 0
1618 1544 1616 1528 1584 1532 1586 1548 horse 0
1539 1342 1553 1349 1568 1321 1554 1314 horse 0
1571 1312 1571 1328 1603 1329 1603 1313 horse 0
1557 1278 1541 1281 1547 1312 1563 1309 horse 0
1590 1294 1578 1284 1557 1308 1570 1318 horse 0
1559 1303 1559 1319 1591 1320 1591 1304 horse 0
1559 1338 1563 1353 1594 1344 1590 1329 horse 0
1547 1361 1553 1376 1583 1363 1577 1349 horse 0
1557 1347 1562 1362 1592 1350 1587 1335 horse 0
1660 1681 1645 1674 1631 1702 1645 1710 horse 0
1724 1674 1714 1662 1689 1682 1699 1694 horse 0
1800 1657 1795 1642 1765 1652 1770 1667 horse 0
1817 1640 1811 1625 1781 1637 1787 1652 horse 0
1639 1755 1639 1739 1607 1737 1607 1753 horse 0
1624 1763 1611 1754 1592 1779 1605 1789 horse 0
1644 1769 1634 1757 1609 1778 1620 1790 horse 0
1650 1776 1635 1770 1623 1800 1638 1806 horse 0
1623 1691 1620 1707 1652 1713 1655 1697 horse 0
1704 1717 1704 1701 1672 1701 1672 1717 horse 0
1713 1731 1713 1715 1681 1716 1681 1732 horse 0
1770 1711 1767 1695 1736 1699 1738 1715 horse 0
1743 1715 1734 1728 1760 1746 1769 1733 horse 0
1761 1721 1750 1734 1775 1754 1785 1741 horse 0
1881 1725 1878 1710 1847 1715 1850 1731 horse 0
1908 1701 1902 1686 1872 1696 1877 1711 horse 0
1948 1710 1939 1723 1965 1741 1974 1728 horse 0
1684 1808 1668 1809 1669 1841 1685 1840 horse 0
1700 1786 1685 1791 1695 1822 1710 1816 horse 0
2028 1897 2018 1885 1994 1907 2005 1919 horse 0
2061 1820 2048 1830 2069 1855 2081 1844 horse 0
2151 1882 2148 1867 2117 1872 2119 1888 horse 0
2204 1865 2198 1850 2169 1862 2175 1877 horse 0
2238 1858 2229 1845 2203 1864 2212 1877 horse 0
2277 1841 2267 1829 2243 1850 2253 1862 horse 0
1944 1813 1934 1826 1959 1845 1969 1833 horse 0
1919 1797 1909 1785 1884 1805 1895 1818 horse 0
1879 1790 1876 1775 1845 1780 1847 1796 horse 0
1817 1811 1809 1798 1781 1814 1790 1828 horse 0
1762 1819 1756 1805 1727 1817 1733 1832 horse 0
1795 1806 1786 1792 1759 1810 1768 1823 horse 0
1769 1789 1761 1775 1733 1790 1741 1804 horse 0
1757 1773 1749 1759 1721 1773 1728 1788 horse 0
3062 1638 3066 1622 3035 1614 3031 1630 horse 0
