1808 1011 1815 997 1788 982 1780 996 horse 0
2031 831 2046 825 2034 796 2019 802 horse 0
2033 900 2041 887 2013 871 2005 885 horse 0
2060 1014 2067 1000 2039 985 2032 999 horse 0
1839 1028 1845 1013 1814 1002 1809 1017 horse 0
1106 436 1121 430 1109 400 1094 406 horse 0
1147 483 1162 477 1148 448 1134 454 horse 0
1364 422 1373 408 1345 392 1337 406 horse 0
1378 394 1391 384 1371 359 1358 369 horse 0
1382 364 1393 353 1371 330 1360 341 horse 0
1250 255 1264 247 1248 219 1234 227 horse 0
1106 112 1122 109 1115 78 1100 81 horse 0
1131 129 1147 127 1141 95 1125 98 horse 0
1413 400 1421 386 1392 371 1385 385 horse 0
1408 420 1416 406 1388 391 1380 405 horse 0
1436 434 1444 420 1416 405 1409 418 horse 0
1443 457 1452 443 1425 426 1416 439 horse 0
1460 470 1469 457 1443 438 1434 451 horse 0
1490 457 1499 444 1473 426 1464 439 horse 0
1522 466 1529 452 1501 438 1494 452 horse 0
1563 474 1565 458 1533 455 1531 471 horse 0
1584 458 1586 442 1554 439 1552 455 horse 0
1526 123 1542 122 1540 90 1524 91 horse 0
1595 161 1607 151 1587 126 1575 136 horse 0
1131 496 1147 496 1146 464 1130 464 horse 0
1218 555 1232 547 1217 519 1203 527 horse 0
1249 585 1262 576 1244 550 1231 559 horse 0
1378 434 1387 420 1360 403 1351 416 horse 0
1266 607 1279 599 1263 572 1249 580 horse 0
1298 624 1305 609 1276 595 1269 610 horse 0
1361 631 1365 615 1335 606 1330 621 horse 0
1420 613 1418 597 1386 600 1388 616 horse 0
1647 489 1653 474 1624 461 1618 475 horse 0
1691 496 1695 480 1665 471 1660 487 horse 0
1748 498 1754 483 1724 472 1718 486 horse 0
1799 455 1808 442 1781 425 1772 438 horse 0
1793 500 1794 484 1762 482 1761 498 horse 0
1931 490 1940 476 1912 459 1904 473 horse 0
1976 497 1981 482 1950 472 1946 487 horse 0
1998 506 2003 491 1974 480 1968 494 horse 0
1939 532 1946 518 1919 503 1911 516 horse 0
1926 543 1932 528 1902 516 1896 531 horse 0
1899 548 1904 533 1874 522 1869 537 horse 0
2141 500 2147 485 2118 472 2112 487 horse 0
2004 638 2010 623 1980 611 1974 626 horse 0
2076 654 2082 639 2052 627 2046 642 horse 0
2216 661 2221 646 2190 636 2186 652 horse 0
2261 690 2277 688 2272 656 2256 659 horse 0
2028 652 2027 636 1995 637 1996 653 horse 0
2008 666 2010 650 1978 647 1976 662 horse 0
2028 672 2026 657 1994 660 1996 676 horse 0
2002 895 2014 884 1992 861 1981 871 horse 0
2501 844 2516 839 2504 809 2489 815 horse 0
2481 858 2497 853 2489 823 2473 827 horse 0
2486 887 2500 878 2483 851 2470 859 horse 0
2542 1110 2550 1096 2523 1080 2515 1094 horse 0
2595 1193 2606 1181 2581 1160 2571 1173 horse 0
2565 1252 2575 1240 2550 1220 2540 1232 horse 0
2634 1252 2642 1238 2613 1223 2606 1237 horse 0
2666 1156 2665 1140 2633 1140 2634 1156 horse 0
2898 1183 2903 1168 2873 1157 2868 1172 horse 0
2967 1136 2967 1120 2935 1120 2935 1136 horse 0
3015 1204 3016 1189 2984 1186 2983 1202 horse 0
3009 1148 3023 1140 3006 1112 2992 1121 horse 0
3329 1223 3335 1209 3305 1196 3299 1211 horse 0
3367 1245 3370 1229 3338 1224 3336 1240 horse 0
3403 1256 3408 1241 3378 1231 3373 1246 horse 0
3368 1276 3373 1261 3343 1250 3338 1265 horse 0
2096 1041 2104 1027 2077 1010 2069 1024 horse 0
2112 1111 2120 1098 2092 1081 2084 1095 horse 0
2179 1119 2189 1107 2165 1085 2155 1097 horse 0
2099 1144 2109 1131 2084 1111 2074 1123 horse 0
2177 1149 2187 1137 2163 1116 2153 1128 horse 0
2150 1198 2161 1186 2137 1164 2126 1176 horse 0
2164 1024 2174 1011 2148 992 2138 1005 horse 0
2207 1040 2217 1028 2192 1008 2182 1020 horse 0
2263 1063 2269 1049 2240 1036 2234 1050 horse 0
2104 1024 2112 1010 2085 993 2077 1006 horse 0
1843 1017 1849 1003 1819 991 1813 1005 horse 0
1863 1041 1869 1026 1839 1014 1834 1029 horse 0
1878 1049 1885 1034 1855 1022 1849 1037 horse 0
1928 1050 1931 1034 1900 1028 1896 1043 horse 0
1334 815 1334 799 1302 798 1302 814 horse 0
1367 805 1366 789 1334 791 1335 807 horse 0
1410 829 1411 813 1379 812 1378 828 horse 0
1430 780 1436 765 1407 752 1400 767 horse 0
1451 730 1457 715 1428 703 1422 718 horse 0
1490 757 1494 741 1463 734 1459 749 horse 0
1480 783 1487 768 1457 756 1451 770 horse 0
1507 802 1512 787 1482 776 1477 791 horse 0
1530 843 1538 829 1510 813 1502 827 horse 0
1578 849 1582 834 1551 826 1547 842 horse 0
1465 730 1472 716 1442 702 1436 717 horse 0
1587 761 1590 745 1558 740 1556 755 horse 0
1733 716 1749 715 1746 683 1730 684 horse 0
1727 743 1733 728 1703 717 1697 732 horse 0
1688 810 1695 796 1667 781 1659 795 horse 0
1711 788 1717 773 1688 760 1681 775 horse 0
1773 743 1779 728 1749 716 1743 731 horse 0
1807 726 1813 711 1783 700 1777 715 horse 0
1814 736 1819 720 1789 710 1783 725 horse 0
1642 858 1652 846 1627 826 1617 838 horse 0
1744 792 1749 777 1718 768 1713 783 horse 0
1789 782 1791 766 1760 761 1757 776 horse 0
2372 1509 2376 1494 2345 1486 2341 1501 horse 0
2462 1511 2465 1495 2434 1488 2430 1503 horse 0
2523 1501 2526 1485 2494 1480 2492 1495 horse 0
2517 1469 2520 1454 2488 1448 2485 1463 horse 0
2551 1483 2554 1467 2522 1461 2519 1477 horse 0
2594 1462 2601 1448 2573 1434 2566 1448 horse 0
1617 761 1618 745 1586 744 1585 760 horse 0
2861 637 2865 621 2835 613 2830 628 horse 0
2912 615 2917 600 2886 591 2882 607 horse 0
2912 1651 2914 1635 2883 1630 2880 1645 horse 0
2994 1660 2996 1644 2964 1641 2962 1657 horse 0
3100 1699 3101 1683 3069 1681 3068 1697 horse 0
3138 1698 3138 1682 3106 1681 3106 1697 horse 0
3088 1640 3091 1624 3060 1618 3057 1634 horse 0
2925 544 2928 528 2897 522 2894 538 horse 0
2962 558 2971 545 2945 527 2936 540 horse 0
2998 549 3004 534 2975 521 2969 536 horse 0
3121 476 3133 467 3114 441 3101 451 horse 0
3174 514 3190 515 3191 483 3175 482 horse 0
3045 563 3061 561 3057 530 3042 531 horse 0
3114 547 3116 531 3085 527 3082 543 horse 0
3148 500 3148 484 3116 483 3116 499 horse 0
2995 421 3004 408 2977 391 2968 404 horse 0
3060 417 3067 403 3038 389 3031 404 horse 0
3088 418 3094 403 3064 391 3058 406 horse 0
2723 442 2730 427 2701 413 2694 427 horse 0
2759 439 2764 423 2733 415 2729 430 horse 0
2780 441 2783 425 2752 419 2749 434 horse 0
2795 431 2796 415 2765 412 2763 428 horse 0
2813 436 2813 420 2781 420 2781 436 horse 0
2849 422 2851 406 2819 402 2817 418 horse 0
2882 420 2885 405 2854 398 2851 414 horse 0
1633 875 1643 861 1616 843 1607 856 horse 0
1596 867 1601 852 1570 843 1565 858 horse 0
1598 875 1603 860 1573 850 1568 865 horse 0
2022 1269 2030 1255 2003 1238 1995 1251 horse 0
2007 1309 2015 1295 1987 1280 1979 1294 horse 0
2070 1322 2075 1307 2045 1296 2040 1312 horse 0
2195 1310 2201 1295 2172 1283 2166 1298 horse 0
2109 1344 2116 1330 2088 1315 2080 1329 horse 0
2197 1355 2200 1340 2169 1333 2165 1348 horse 0
2146 1370 2153 1355 2124 1342 2117 1356 horse 0
2150 1362 2155 1346 2124 1337 2119 1353 horse 0
2416 1736 2413 1720 2382 1726 2385 1742 horse 0
2495 1737 2500 1722 2470 1711 2464 1726 horse 0
2598 1666 2599 1650 2567 1648 2566 1664 horse 0
2635 1655 2634 1639 2602 1641 2603 1657 horse 0
2393 1816 2390 1801 2358 1807 2362 1823 horse 0
2434 1829 2421 1820 2402 1846 2416 1856 horse 0
2408 1880 2410 1895 2442 1891 2440 1875 horse 0
2621 1811 2621 1795 2589 1794 2589 1810 horse 0
2673 1786 2671 1770 2639 1773 2641 1789 horse 0
2706 1782 2704 1766 2672 1770 2674 1785 horse 0
2686 1955 2690 1940 2660 1931 2655 1946 horse 0
2659 1978 2660 1962 2629 1959 2627 1975 horse 0
2711 1995 2704 1981 2675 1994 2681 2008 horse 0
1698 1229 1698 1213 1666 1213 1666 1229 horse 0
1735 1221 1748 1212 1730 1186 1717 1195 horse 0
1756 1198 1769 1188 1748 1163 1736 1174 horse 0
1712 1192 1713 1176 1681 1174 1680 1190 horse 0
1715 1141 1725 1128 1700 1109 1690 1121 horse 0
1708 1159 1720 1149 1699 1125 1687 1135 horse 0
1736 1176 1745 1162 1718 1145 1709 1158 horse 0
1651 1176 1663 1166 1643 1141 1630 1152 horse 0
1676 1172 1686 1160 1661 1140 1651 1153 horse 0
1634 1155 1645 1143 1621 1122 1610 1134 horse 0
1130 1199 1128 1183 1096 1187 1098 1203 horse 0
1222 1148 1233 1137 1209 1115 1199 1127 horse 0
1230 1164 1241 1152 1217 1131 1206 1143 horse 0
1240 1207 1242 1191 1210 1187 1208 1203 horse 0
1214 1242 1226 1231 1204 1207 1193 1218 horse 0
1203 1255 1215 1245 1196 1220 1183 1230 horse 0
1138 1215 1142 1200 1111 1191 1107 1207 horse 0
1157 1214 1165 1200 1137 1185 1129 1199 horse 0
1203 1328 1212 1315 1186 1297 1177 1310 horse 0
1290 1289 1301 1278 1279 1255 1268 1266 horse 0
1271 1246 1275 1262 1306 1255 1303 1240 horse 0
1381 1316 1387 1301 1357 1289 1351 1304 horse 0
1420 1304 1429 1291 1402 1273 1393 1287 horse 0
1484 1183 1487 1167 1455 1162 1453 1178 horse 0
1491 1222 1483 1236 1511 1252 1519 1238 horse 0
1494 1290 1487 1276 1459 1291 1466 1305 horse 0
1503 1264 1509 1249 1479 1238 1473 1253 horse 0
1508 1310 1508 1294 1476 1295 1476 1311 horse 0
1545 1289 1545 1273 1514 1272 1513 1288 horse 0
1513 1183 1520 1168 1491 1155 1484 1170 horse 0
1528 1170 1530 1154 1498 1150 1496 1166 horse 0
1213 1517 1221 1504 1194 1487 1186 1501 horse 0
1323 1435 1330 1420 1300 1407 1294 1422 horse 0
1310 1471 1314 1455 1283 1447 1279 1462 horse 0
1478 1416 1485 1402 1455 1389 1449 1404 horse 0
1459 1467 1466 1453 1438 1438 1430 1452 horse 0
1483 1479 1487 1464 1457 1455 1452 1470 horse 0
1344 1540 1351 1526 1322 1512 1315 1526 horse 0
1357 1524 1364 1510 1336 1496 1328 1510 horse 0
1400 1505 1405 1490 1375 1479 1369 1494 horse 0
1509 1525 1519 1512 1492 1493 1483 1506 horse 0
1553 1551 1552 1535 1520 1538 1521 1554 horse 0
1574 1512 1572 1496 1540 1498 1542 1514 horse 0
1561 1452 1564 1436 1532 1430 1529 1446 horse 0
1608 1446 1610 1431 1578 1426 1576 1442 horse 0
1668 1429 1666 1413 1634 1417 1636 1433 horse 0
1714 1406 1709 1391 1679 1399 1683 1415 horse 0
1752 1400 1748 1384 1717 1392 1720 1407 horse 0
1775 1416 1774 1400 1742 1402 1743 1418 horse 0
1545 1433 1547 1417 1516 1412 1513 1427 horse 0
1574 1408 1576 1393 1545 1387 1542 1403 horse 0
1535 1630 1534 1614 1502 1615 1503 1631 horse 0
1543 1675 1543 1659 1511 1659 1511 1675 horse 0
1523 1722 1520 1707 1488 1712 1491 1728 horse 0
1551 1707 1546 1692 1516 1702 1520 1717 horse 0
1620 1575 1625 1560 1594 1550 1589 1565 horse 0
1608 1548 1610 1532 1578 1529 1576 1545 horse 0
1563 1346 1571 1332 1544 1316 1536 1330 horse 0
1597 1336 1605 1322 1577 1306 1570 1320 horse 0
1565 1307 1568 1291 1537 1285 1534 1300 horse 0
1583 1317 1590 1303 1562 1289 1555 1303 horse 0
1585 1327 1593 1313 1565 1297 1557 1311 horse 0
1586 1356 1595 1342 1567 1325 1559 1339 horse 0
1571 1379 1582 1368 1560 1345 1548 1356 horse 0
1588 1361 1592 1345 1562 1336 1557 1351 horse 0
1656 1705 1662 1691 1633 1679 1626 1693 horse 0
1721 1683 1718 1668 1687 1674 1690 1690 horse 0
1795 1659 1791 1644 1760 1653 1764 1668 horse 0
1811 1644 1808 1629 1777 1636 1780 1652 horse 0
1630 1759 1636 1744 1606 1732 1600 1746 horse 0
1623 1778 1621 1762 1589 1766 1591 1782 horse 0
1642 1781 1641 1765 1609 1766 1610 1782 horse 0
1651 1796 1652 1780 1620 1779 1619 1795 horse 0
1649 1716 1655 1701 1625 1689 1619 1704 horse 0
1698 1713 1694 1697 1663 1706 1667 1721 horse 0
1708 1733 1709 1717 1678 1714 1676 1730 horse 0
1761 1713 1761 1697 1729 1697 1729 1713 horse 0
1767 1739 1767 1723 1735 1723 1735 1739 horse 0
1784 1745 1783 1729 1751 1730 1752 1746 horse 0
1876 1726 1872 1710 1841 1717 1844 1732 horse 0
1902 1704 1898 1688 1867 1696 1871 1711 horse 0
1971 1737 1974 1721 1942 1715 1939 1731 horse 0
1692 1833 1692 1817 1660 1817 1660 1833 horse 0
1712 1814 1714 1798 1682 1794 1680 1810 horse 0
2024 1909 2021 1893 1990 1899 1993 1915 horse 0
2058 1854 2074 1852 2070 1821 2054 1822 horse 0
2141 1890 2146 1875 2116 1864 2111 1878 horse 0
2197 1872 2196 1856 2164 1858 2165 1874 horse 0
2233 1868 2230 1853 2198 1859 2201 1875 horse 0
2272 1853 2269 1838 2238 1842 2240 1858 horse 0
1954 1847 1967 1838 1949 1812 1935 1821 horse 0
1915 1805 1909 1790 1879 1802 1886 1817 horse 0
1874 1792 1872 1776 1841 1779 1842 1795 horse 0
1811 1821 1810 1805 1778 1807 1779 1823 horse 0
1756 1824 1751 1809 1720 1818 1725 1833 horse 0
1788 1817 1788 1801 1756 1801 1756 1817 horse 0
1762 1795 1761 1779 1730 1780 1730 1796 horse 0
1753 1778 1750 1763 1719 1768 1722 1784 horse 0
3058 1636 3061 1621 3030 1614 3026 1630 horse 0
