1801 995 1795 980 1765 992 1772 1007 horse 0
2039 800 2023 803 2029 834 2045 831 horse 0
2015 886 2009 871 1979 884 1986 899 horse 0
2041 1000 2040 984 2008 986 2009 1002 horse 0
1816 1017 1810 1002 1781 1014 1786 1029 horse 0
1102 412 1107 397 1077 387 1071 402 horse 0
1143 454 1134 441 1108 459 1117 473 horse 0
1347 402 1342 387 1311 396 1316 411 horse 0
1372 374 1368 359 1337 367 1341 382 horse 0
1362 346 1372 334 1347 314 1337 326 horse 0
1256 228 1244 217 1223 242 1235 252 horse 0
1109 92 1110 76 1078 74 1077 90 horse 0
1132 112 1135 96 1104 89 1101 105 horse 0
1399 389 1394 374 1363 383 1368 398 horse 0
1396 403 1391 388 1361 399 1366 414 horse 0
1422 421 1420 405 1388 409 1390 425 horse 0
1421 450 1430 437 1403 420 1394 434 horse 0
1451 448 1447 433 1416 440 1420 455 horse 0
1478 438 1473 423 1443 434 1448 449 horse 0
1505 452 1502 436 1470 442 1473 457 horse 0
1539 468 1532 453 1503 467 1510 481 horse 0
1561 451 1554 437 1525 451 1532 465 horse 0
1532 111 1541 97 1514 80 1505 93 horse 0
1589 147 1589 131 1557 130 1557 146 horse 0
1147 470 1141 455 1112 466 1117 481 horse 0
1217 533 1221 517 1190 510 1186 525 horse 0
1244 568 1251 554 1223 540 1215 554 horse 0
1361 414 1357 399 1326 408 1331 423 horse 0
1262 591 1269 576 1241 562 1233 576 horse 0
1279 610 1282 594 1250 588 1248 604 horse 0
1338 621 1335 605 1304 611 1306 626 horse 0
1394 608 1387 594 1359 608 1366 622 horse 0
1627 477 1623 462 1592 469 1596 485 horse 0
1670 484 1665 469 1635 480 1640 495 horse 0
1730 486 1721 472 1694 488 1702 502 horse 0
1785 440 1781 424 1750 431 1753 447 horse 0
1768 495 1763 480 1733 491 1738 506 horse 0
1918 476 1920 460 1888 456 1886 472 horse 0
1954 487 1951 471 1920 477 1923 493 horse 0
1976 491 1971 476 1941 487 1946 502 horse 0
1922 521 1913 508 1886 525 1895 539 horse 0
1910 530 1901 517 1874 534 1883 547 horse 0
1876 533 1870 518 1841 531 1847 545 horse 0
2120 487 2114 473 2084 484 2090 499 horse 0
1991 624 1983 610 1955 625 1963 639 horse 0
2055 642 2051 626 2020 635 2025 651 horse 0
2197 647 2189 633 2162 650 2170 663 horse 0
2272 658 2256 663 2265 693 2281 689 horse 0
2004 647 1995 633 1969 651 1978 664 horse 0
1993 658 1984 645 1957 662 1966 676 horse 0
2002 673 1993 659 1966 677 1975 690 horse 0
1999 862 1983 865 1989 896 2005 893 horse 0
2511 813 2495 814 2496 846 2512 845 horse 0
2493 826 2477 827 2479 859 2495 858 horse 0
2494 862 2480 856 2467 885 2482 891 horse 0
2527 1092 2523 1077 2492 1086 2496 1101 horse 0
2600 1166 2585 1163 2580 1195 2595 1198 horse 0
2564 1223 2548 1224 2550 1256 2566 1255 horse 0
2635 1223 2619 1222 2616 1254 2632 1255 horse 0
2653 1153 2643 1140 2617 1159 2626 1172 horse 0
2894 1158 2878 1160 2882 1192 2898 1190 horse 0
2943 1131 2932 1119 2908 1139 2918 1152 horse 0
2990 1196 2982 1182 2954 1197 2962 1211 horse 0
3013 1116 2997 1120 3006 1151 3021 1147 horse 0
3304 1210 3301 1194 3270 1199 3272 1215 horse 0
3345 1237 3337 1224 3309 1241 3318 1254 horse 0
3375 1244 3371 1228 3340 1236 3344 1252 horse 0
3338 1256 3331 1241 3303 1255 3309 1269 horse 0
2075 1025 2075 1009 2043 1010 2043 1026 horse 0
2098 1094 2097 1079 2065 1082 2067 1098 horse 0
2188 1103 2180 1089 2152 1104 2159 1119 horse 0
2085 1124 2088 1109 2057 1101 2053 1117 horse 0
2185 1127 2172 1117 2151 1141 2163 1151 horse 0
2151 1169 2135 1169 2135 1201 2151 1201 horse 0
2152 1004 2148 988 2117 996 2121 1012 horse 0
2203 1020 2193 1008 2168 1027 2178 1040 horse 0
2244 1045 2237 1030 2208 1044 2215 1058 horse 0
2084 1008 2083 992 2051 993 2052 1009 horse 0
1824 1001 1814 989 1790 1010 1800 1022 horse 0
1831 1044 1843 1032 1820 1009 1809 1021 horse 0
1858 1038 1854 1023 1823 1032 1828 1048 horse 0
1903 1040 1896 1025 1867 1039 1874 1054 horse 0
1317 808 1306 796 1283 819 1294 830 horse 0
1350 803 1342 790 1315 807 1323 821 horse 0
1388 824 1379 812 1353 831 1363 844 horse 0
1412 766 1411 750 1379 752 1380 768 horse 0
1426 719 1423 703 1392 710 1395 725 horse 0
1466 749 1461 733 1430 742 1435 757 horse 0
1459 771 1456 755 1425 762 1428 777 horse 0
1485 792 1480 777 1450 786 1454 802 horse 0
1512 830 1512 814 1480 814 1480 830 horse 0
1548 840 1544 825 1513 832 1516 848 horse 0
1442 715 1439 699 1407 705 1410 721 horse 0
1559 756 1557 740 1525 744 1527 760 horse 0
1745 686 1729 685 1729 717 1745 718 horse 0
1698 735 1695 719 1663 725 1666 741 horse 0
1681 796 1673 782 1646 798 1654 812 horse 0
1682 772 1678 757 1647 764 1651 780 horse 0
1748 732 1743 717 1712 727 1717 742 horse 0
1788 712 1784 697 1753 706 1757 721 horse 0
1795 725 1794 710 1762 712 1763 728 horse 0
1628 836 1628 820 1596 820 1596 836 horse 0
1719 784 1718 768 1686 772 1688 788 horse 0
1758 778 1761 763 1729 757 1727 773 horse 0
2347 1500 2349 1484 2317 1481 2315 1497 horse 0
2434 1503 2429 1488 2399 1498 2404 1513 horse 0
2505 1493 2498 1479 2469 1492 2476 1507 horse 0
2493 1458 2487 1443 2457 1456 2464 1471 horse 0
2526 1472 2522 1457 2491 1466 2496 1481 horse 0
2593 1445 2579 1438 2565 1467 2579 1474 horse 0
1592 758 1587 743 1557 752 1561 767 horse 0
2833 623 2820 614 2802 640 2815 649 horse 0
2887 603 2876 591 2853 614 2864 625 horse 0
2887 1641 2882 1625 2852 1636 2857 1651 horse 0
2963 1658 2958 1643 2928 1652 2932 1668 horse 0
3078 1694 3071 1679 3042 1693 3049 1707 horse 0
3111 1693 3104 1678 3075 1692 3082 1706 horse 0
3066 1631 3061 1616 3031 1627 3037 1642 horse 0
2899 541 2897 526 2865 531 2868 547 horse 0
2945 537 2936 524 2909 542 2918 555 horse 0
2975 531 2968 516 2939 530 2946 545 horse 0
3115 456 3103 446 3081 469 3093 480 horse 0
3189 483 3174 486 3180 517 3196 514 horse 0
3064 535 3048 532 3043 564 3059 566 horse 0
3086 528 3072 522 3059 551 3073 557 horse 0
3127 498 3115 487 3093 511 3105 522 horse 0
2975 405 2966 392 2940 410 2949 423 horse 0
3035 397 3023 387 3002 411 3014 421 horse 0
3067 407 3059 393 3032 409 3040 423 horse 0
2693 433 2689 417 2658 426 2662 441 horse 0
2726 438 2725 422 2693 424 2694 440 horse 0
2745 437 2739 422 2710 434 2716 449 horse 0
2756 428 2749 414 2720 428 2727 443 horse 0
2780 437 2773 422 2744 435 2750 450 horse 0
2816 417 2807 404 2781 423 2790 436 horse 0
2852 415 2843 402 2817 419 2825 433 horse 0
1618 855 1616 840 1584 844 1586 860 horse 0
1565 857 1561 841 1530 849 1533 864 horse 0
1572 867 1569 851 1538 858 1541 874 horse 0
2018 1239 2002 1238 2000 1270 2016 1271 horse 0
1984 1295 1981 1279 1949 1287 1953 1302 horse 0
2047 1309 2042 1293 2012 1302 2016 1317 horse 0
2196 1287 2181 1283 2172 1313 2187 1318 horse 0
2092 1329 2087 1313 2057 1324 2062 1339 horse 0
2175 1346 2171 1331 2140 1340 2144 1355 horse 0
2144 1350 2130 1343 2115 1372 2130 1379 horse 0
2144 1341 2129 1335 2117 1365 2132 1371 horse 0
2390 1741 2384 1727 2354 1739 2360 1753 horse 0
2495 1717 2479 1713 2470 1743 2486 1748 horse 0
2591 1649 2576 1644 2567 1675 2582 1680 horse 0
2617 1649 2605 1638 2584 1663 2597 1673 horse 0
2380 1820 2369 1808 2346 1831 2358 1842 horse 0
2415 1869 2415 1853 2383 1854 2383 1870 horse 0
2441 1885 2426 1879 2413 1908 2427 1914 horse 0
2595 1806 2587 1792 2559 1808 2568 1822 horse 0
2651 1789 2641 1776 2615 1795 2625 1808 horse 0
2702 1771 2688 1763 2673 1792 2688 1799 horse 0
2680 1941 2664 1936 2654 1967 2669 1972 horse 0
2635 1978 2629 1963 2600 1977 2606 1991 horse 0
2688 2003 2680 1989 2652 2004 2660 2019 horse 0
1680 1218 1664 1214 1657 1245 1673 1249 horse 0
1748 1194 1732 1189 1722 1219 1737 1224 horse 0
1755 1169 1741 1161 1725 1189 1739 1197 horse 0
1696 1182 1683 1173 1665 1199 1678 1208 horse 0
1723 1120 1711 1110 1691 1135 1703 1145 horse 0
1700 1142 1703 1126 1671 1120 1668 1136 horse 0
1739 1150 1723 1146 1714 1176 1730 1181 horse 0
1656 1159 1649 1145 1620 1158 1626 1173 horse 0
1680 1152 1674 1137 1644 1148 1650 1163 horse 0
1623 1148 1617 1134 1588 1148 1595 1162 horse 0
1107 1203 1101 1188 1071 1201 1077 1215 horse 0
1225 1120 1210 1117 1204 1149 1220 1152 horse 0
1233 1136 1217 1133 1212 1165 1228 1167 horse 0
1223 1194 1209 1187 1194 1215 1208 1222 horse 0
1222 1214 1206 1210 1198 1241 1213 1245 horse 0
1211 1227 1195 1223 1187 1254 1202 1258 horse 0
1122 1210 1116 1195 1086 1207 1092 1222 horse 0
1151 1205 1145 1190 1115 1204 1122 1218 horse 0
1207 1304 1192 1298 1181 1328 1196 1333 horse 0
1288 1248 1288 1264 1320 1265 1320 1249 horse 0
1323 1234 1328 1249 1359 1239 1354 1224 horse 0
1376 1315 1373 1299 1341 1306 1345 1321 horse 0
1421 1280 1406 1275 1396 1305 1411 1310 horse 0
1465 1175 1457 1161 1430 1179 1439 1192 horse 0
1511 1242 1503 1228 1476 1244 1483 1258 horse 0
1469 1300 1461 1286 1434 1302 1442 1316 horse 0
1488 1254 1482 1240 1453 1252 1459 1267 horse 0
1485 1314 1477 1300 1449 1316 1457 1330 horse 0
1520 1290 1514 1275 1484 1287 1490 1302 horse 0
1496 1174 1487 1160 1460 1178 1469 1191 horse 0
1509 1165 1500 1152 1474 1171 1483 1184 horse 0
1211 1491 1196 1487 1187 1517 1202 1522 horse 0
1325 1413 1310 1407 1298 1436 1313 1442 horse 0
1294 1462 1289 1447 1259 1458 1264 1473 horse 0
1459 1402 1453 1387 1424 1399 1430 1414 horse 0
1460 1456 1452 1442 1424 1457 1432 1472 horse 0
1482 1461 1470 1451 1449 1476 1462 1486 horse 0
1340 1513 1324 1510 1318 1542 1334 1545 horse 0
1361 1503 1347 1495 1331 1522 1345 1530 horse 0
1386 1498 1382 1483 1351 1492 1356 1508 horse 0
1507 1497 1491 1492 1482 1523 1498 1527 horse 0
1529 1564 1528 1548 1496 1549 1497 1565 horse 0
1563 1495 1549 1489 1537 1519 1552 1525 horse 0
1536 1446 1531 1431 1500 1442 1506 1457 horse 0
1604 1433 1592 1422 1570 1446 1582 1457 horse 0
1644 1429 1634 1416 1609 1436 1619 1449 horse 0
1687 1416 1677 1403 1652 1422 1661 1435 horse 0
1725 1407 1717 1394 1690 1412 1699 1425 horse 0
1766 1409 1754 1399 1734 1424 1747 1434 horse 0
1519 1428 1514 1413 1484 1422 1489 1437 horse 0
1550 1400 1545 1385 1515 1397 1521 1412 horse 0
1532 1616 1518 1609 1503 1637 1518 1645 horse 0
1530 1678 1518 1668 1498 1693 1510 1703 horse 0
1503 1724 1496 1710 1467 1724 1474 1739 horse 0
1535 1719 1526 1705 1499 1723 1508 1737 horse 0
1599 1564 1593 1549 1563 1562 1570 1577 horse 0
1580 1546 1573 1532 1544 1545 1551 1560 horse 0
1565 1325 1551 1317 1537 1346 1551 1353 horse 0
1603 1315 1590 1306 1572 1333 1585 1342 horse 0
1564 1292 1551 1282 1532 1308 1545 1318 horse 0
1587 1298 1574 1289 1556 1315 1569 1324 horse 0
1590 1307 1577 1298 1558 1324 1571 1333 horse 0
1589 1332 1575 1326 1563 1356 1578 1362 horse 0
1576 1357 1564 1347 1543 1371 1555 1382 horse 0
1588 1342 1574 1334 1558 1362 1572 1370 horse 0
1659 1691 1648 1680 1625 1702 1636 1713 horse 0
1708 1682 1698 1669 1674 1690 1684 1702 horse 0
1771 1668 1764 1653 1735 1668 1743 1682 horse 0
1788 1649 1778 1636 1752 1655 1762 1668 horse 0
1628 1749 1622 1734 1592 1745 1598 1760 horse 0
1614 1768 1599 1762 1588 1793 1603 1798 horse 0
1637 1773 1623 1765 1607 1792 1620 1800 horse 0
1645 1781 1630 1777 1621 1807 1636 1812 horse 0
1633 1688 1620 1697 1640 1723 1652 1713 horse 0
1667 1713 1658 1700 1632 1719 1641 1732 horse 0
1685 1726 1677 1712 1649 1729 1658 1743 horse 0
1733 1714 1727 1699 1697 1709 1702 1724 horse 0
1766 1726 1752 1718 1736 1746 1750 1754 horse 0
1781 1733 1768 1725 1751 1753 1765 1761 horse 0
1846 1731 1836 1718 1812 1739 1822 1751 horse 0
1877 1709 1867 1696 1843 1716 1853 1729 horse 0
1948 1708 1934 1716 1952 1743 1965 1735 horse 0
1691 1823 1678 1813 1659 1839 1672 1848 horse 0
1697 1808 1688 1795 1661 1812 1670 1825 horse 0
2008 1911 1999 1898 1972 1917 1981 1930 horse 0
2079 1831 2065 1824 2051 1853 2066 1859 horse 0
2119 1879 2113 1864 2083 1876 2089 1891 horse 0
2169 1870 2161 1856 2134 1872 2142 1886 horse 0
2204 1876 2196 1862 2169 1879 2177 1892 horse 0
2245 1861 2235 1849 2211 1871 2222 1883 horse 0
1964 1821 1949 1815 1937 1845 1952 1851 horse 0
1895 1812 1882 1803 1864 1830 1877 1839 horse 0
1858 1793 1846 1782 1824 1806 1836 1817 horse 0
1786 1823 1780 1808 1750 1821 1757 1836 horse 0
1724 1826 1718 1812 1689 1825 1695 1839 horse 0
1762 1821 1756 1806 1726 1819 1733 1834 horse 0
1749 1783 1735 1776 1721 1804 1735 1811 horse 0
1741 1787 1731 1773 1705 1792 1714 1805 horse 0
3036 1626 3031 1611 3001 1621 3006 1636 horse 0
